2 281 281
1 0 1
1 0 4
1 0 43
1 0 58
1 0 161
1 1 5
1 1 44
1 1 57
1 1 162
1 2 16
1 2 71
1 3 70
1 5 11
1 6 7
1 6 58
1 6 135
1 6 199
1 8 9
1 8 12
1 9 13
1 10 11
1 10 45
1 10 74
1 11 46
1 11 75
1 12 112
1 12 164
1 12 177
1 12 180
1 12 185
1 13 97
1 13 112
1 13 164
1 13 176
1 13 179
1 13 184
1 13 186
1 14 217
1 16 17
1 16 42
1 16 52
1 17 41
1 17 51
1 18 19
1 18 179
1 19 180
1 20 21
1 20 41
1 20 43
1 21 42
1 21 44
1 21 75
1 22 173
1 23 73
1 23 163
1 24 73
1 25 221
1 27 55
1 27 70
1 27 71
1 27 159
1 27 160
1 27 176
1 27 177
1 28 53
1 28 54
1 28 242
1 28 269
1 29 89
1 29 243
1 30 53
1 30 54
1 30 89
1 30 244
1 31 90
1 32 53
1 32 54
1 32 246
1 33 53
1 33 54
1 33 56
1 33 92
1 33 247
1 34 53
1 34 54
1 34 55
1 34 56
1 35 53
1 35 54
1 36 53
1 36 54
1 36 111
1 37 53
1 37 54
1 38 138
1 43 44
1 43 171
1 43 199
1 44 50
1 44 172
1 44 200
1 45 46
1 47 48
1 49 50
1 49 161
1 49 199
1 50 162
1 50 200
1 51 52
1 51 76
1 52 77
1 53 54
1 53 68
1 53 88
1 53 89
1 53 91
1 53 92
1 53 93
1 53 94
1 53 102
1 53 113
1 53 129
1 53 152
1 53 153
1 53 159
1 53 180
1 53 207
1 53 209
1 53 211
1 53 236
1 53 239
1 53 240
1 53 241
1 53 242
1 53 243
1 53 244
1 53 245
1 53 246
1 53 247
1 53 248
1 53 249
1 53 250
1 53 260
1 54 88
1 54 89
1 54 90
1 54 91
1 54 92
1 54 93
1 54 95
1 54 101
1 54 153
1 54 179
1 54 180
1 54 208
1 54 209
1 54 237
1 54 238
1 54 242
1 54 243
1 54 244
1 54 245
1 54 246
1 54 247
1 54 249
1 54 250
1 54 251
1 54 260
1 55 56
1 55 99
1 55 100
1 55 101
1 55 102
1 55 103
1 55 110
1 55 169
1 55 170
1 55 173
1 55 211
1 55 218
1 55 252
1 55 253
1 55 255
1 55 256
1 55 257
1 55 258
1 55 259
1 55 260
1 55 261
1 55 262
1 56 97
1 56 98
1 56 99
1 56 100
1 56 101
1 56 102
1 56 103
1 56 104
1 56 110
1 56 157
1 56 169
1 56 170
1 56 173
1 56 218
1 56 247
1 56 248
1 56 253
1 56 254
1 56 255
1 56 257
1 56 258
1 56 259
1 56 260
1 56 261
1 56 262
1 56 277
1 57 73
1 57 113
1 57 114
1 58 68
1 58 114
1 59 60
1 59 179
1 59 180
1 59 192
1 59 196
1 60 179
1 60 180
1 60 191
1 60 192
1 60 196
1 62 64
1 62 66
1 62 67
1 62 162
1 64 66
1 64 67
1 64 266
1 65 174
1 65 175
1 66 67
1 66 144
1 68 69
1 68 152
1 68 153
1 68 184
1 69 152
1 70 71
1 70 159
1 70 160
1 70 164
1 70 171
1 70 172
1 70 176
1 70 220
1 70 221
1 70 223
1 70 252
1 70 261
1 71 159
1 71 171
1 71 177
1 71 220
1 71 221
1 71 223
1 72 111
1 72 112
1 72 156
1 74 75
1 76 77
1 76 199
1 77 171
1 77 200
1 80 81
1 80 177
1 80 183
1 81 176
1 81 183
1 84 133
1 84 178
1 85 134
1 85 178
1 86 135
1 86 178
1 87 136
1 87 178
1 88 91
1 88 208
1 88 209
1 89 208
1 89 240
1 91 99
1 91 257
1 92 243
1 92 244
1 95 96
1 96 137
1 96 145
1 96 173
1 97 98
1 97 100
1 97 110
1 97 173
1 97 184
1 97 254
1 97 255
1 98 99
1 98 252
1 99 100
1 100 253
1 100 255
1 104 105
1 104 268
1 104 269
1 105 106
1 105 271
1 106 107
1 107 265
1 107 275
1 108 277
1 110 152
1 110 163
1 111 248
1 111 260
1 112 159
1 112 160
1 112 248
1 112 268
1 112 277
1 113 114
1 113 178
1 115 116
1 116 158
1 117 118
1 117 119
1 117 131
1 117 196
1 118 120
1 118 132
1 118 196
1 119 121
1 120 122
1 121 122
1 121 193
1 122 126
1 125 199
1 126 200
1 126 235
1 129 147
1 129 163
1 130 148
1 130 163
1 131 132
1 131 176
1 132 177
1 133 169
1 133 176
1 133 191
1 133 232
1 134 170
1 134 177
1 134 178
1 134 192
1 134 233
1 135 169
1 135 176
1 135 187
1 135 232
1 136 170
1 136 177
1 136 188
1 136 233
1 138 173
1 139 140
1 139 153
1 139 156
1 140 156
1 140 247
1 140 276
1 141 142
1 142 159
1 143 144
1 145 146
1 145 147
1 145 251
1 146 153
1 146 251
1 147 152
1 148 153
1 148 163
1 151 159
1 152 153
1 152 260
1 152 261
1 153 165
1 153 166
1 153 247
1 153 248
1 157 162
1 159 160
1 159 164
1 159 270
1 159 280
1 160 271
1 160 272
1 161 162
1 164 169
1 164 170
1 169 169
1 169 170
1 169 176
1 169 212
1 169 214
1 169 216
1 169 218
1 169 219
1 169 220
1 169 224
1 169 227
1 170 170
1 170 177
1 170 213
1 170 215
1 170 217
1 170 219
1 170 221
1 170 224
1 170 225
1 170 226
1 174 268
1 176 177
1 176 194
1 176 236
1 176 238
1 176 253
1 176 268
1 177 237
1 177 239
1 179 184
1 180 184
1 181 193
1 182 193
1 184 224
1 184 225
1 184 226
1 185 186
1 185 211
1 185 226
1 186 211
1 186 227
1 187 189
1 187 191
1 187 224
1 188 192
1 188 204
1 188 225
1 189 191
1 190 192
1 191 192
1 191 205
1 191 226
1 192 206
1 192 227
1 193 196
1 194 196
1 195 196
1 197 233
1 199 201
1 199 234
1 200 202
1 200 235
1 201 219
1 203 220
1 205 223
1 206 222
1 207 241
1 207 242
1 207 243
1 210 211
1 211 218
1 216 218
1 217 219
1 225 268
1 226 227
1 227 252
1 241 268
1 241 269
1 246 254
1 247 247
1 247 259
1 247 260
1 247 275
1 248 259
1 248 260
1 248 274
1 251 262
1 252 253
1 253 254
1 253 256
1 253 258
1 255 256
1 256 257
1 259 260
1 263 264
1 263 265
1 263 268
1 264 265
1 265 266
1 265 267
1 266 267
1 268 269
1 269 270
1 270 271
1 271 272
1 272 273
1 273 274
1 276 277
2 0 2
2 0 4
2 0 10
2 0 12
2 0 13
2 0 43
2 0 54
2 0 55
2 0 56
2 0 57
2 0 59
2 0 69
2 0 74
2 0 114
2 0 159
2 0 163
2 0 171
2 0 172
2 0 179
2 0 181
2 0 199
2 0 227
2 1 3
2 1 5
2 1 11
2 1 12
2 1 13
2 1 44
2 1 53
2 1 55
2 1 56
2 1 59
2 1 68
2 1 171
2 1 172
2 1 180
2 1 182
2 1 186
2 1 200
2 1 226
2 1 233
2 2 3
2 2 22
2 2 53
2 2 54
2 2 59
2 2 72
2 2 82
2 2 84
2 2 113
2 2 119
2 2 125
2 2 131
2 2 167
2 2 174
2 2 176
2 2 177
2 2 178
2 2 185
2 2 186
2 2 189
2 2 199
2 2 201
2 2 213
2 2 217
2 2 221
2 2 232
2 3 22
2 3 26
2 3 53
2 3 54
2 3 58
2 3 60
2 3 69
2 3 70
2 3 71
2 3 73
2 3 83
2 3 85
2 3 113
2 3 114
2 3 126
2 3 132
2 3 163
2 3 176
2 3 177
2 3 178
2 3 190
2 3 206
2 4 20
2 4 43
2 4 51
2 4 76
2 4 135
2 4 167
2 4 176
2 4 183
2 4 222
2 5 19
2 5 21
2 5 39
2 5 44
2 5 52
2 5 66
2 5 75
2 5 77
2 5 160
2 5 168
2 5 177
2 5 178
2 5 183
2 5 221
2 5 223
2 5 235
2 6 10
2 6 12
2 6 13
2 6 22
2 6 40
2 6 43
2 6 53
2 6 54
2 6 55
2 6 57
2 6 58
2 6 67
2 6 68
2 6 69
2 6 76
2 6 86
2 6 135
2 6 181
2 6 211
2 7 11
2 7 13
2 7 40
2 7 44
2 7 54
2 7 55
2 7 56
2 7 57
2 7 58
2 7 67
2 7 69
2 7 79
2 7 132
2 7 152
2 7 171
2 7 172
2 8 17
2 8 18
2 8 40
2 8 74
2 9 16
2 9 17
2 9 19
2 9 40
2 9 75
2 9 183
2 10 12
2 10 14
2 10 17
2 10 20
2 10 39
2 10 40
2 10 41
2 10 43
2 10 46
2 10 49
2 10 78
2 10 79
2 10 115
2 10 161
2 10 174
2 10 199
2 11 13
2 11 15
2 11 21
2 11 40
2 11 42
2 11 44
2 11 46
2 11 50
2 11 75
2 11 78
2 11 79
2 11 162
2 11 175
2 12 17
2 12 18
2 12 20
2 12 21
2 12 39
2 12 40
2 12 41
2 12 43
2 12 45
2 12 49
2 12 53
2 12 55
2 12 78
2 12 80
2 12 112
2 12 113
2 12 116
2 12 164
2 12 170
2 12 174
2 12 177
2 12 179
2 12 180
2 12 203
2 12 204
2 12 205
2 12 211
2 12 225
2 13 20
2 13 21
2 13 39
2 13 40
2 13 42
2 13 44
2 13 46
2 13 54
2 13 56
2 13 59
2 13 76
2 13 78
2 13 79
2 13 112
2 13 113
2 13 114
2 13 116
2 13 164
2 13 167
2 13 169
2 13 179
2 13 180
2 13 199
2 13 203
2 13 204
2 13 210
2 13 224
2 13 226
2 13 252
2 14 23
2 14 41
2 14 49
2 14 56
2 14 57
2 14 58
2 14 60
2 14 62
2 14 64
2 14 66
2 14 67
2 14 68
2 14 161
2 14 174
2 14 222
2 15 42
2 15 48
2 15 50
2 15 58
2 15 62
2 15 64
2 15 115
2 15 116
2 15 134
2 15 158
2 15 175
2 15 200
2 16 39
2 16 42
2 16 52
2 16 80
2 16 169
2 16 170
2 17 39
2 17 40
2 17 41
2 17 52
2 17 81
2 17 169
2 17 173
2 18 20
2 18 39
2 18 40
2 18 45
2 18 74
2 18 78
2 18 79
2 18 81
2 18 116
2 18 167
2 18 169
2 19 21
2 19 39
2 19 40
2 19 42
2 19 52
2 19 75
2 19 79
2 19 115
2 19 168
2 19 170
2 20 39
2 20 45
2 20 60
2 20 74
2 20 76
2 20 110
2 20 115
2 20 116
2 20 167
2 20 176
2 20 178
2 20 179
2 20 183
2 20 220
2 20 222
2 20 253
2 21 59
2 21 60
2 21 75
2 21 77
2 21 110
2 21 115
2 21 116
2 21 168
2 21 170
2 21 176
2 21 178
2 21 180
2 21 183
2 21 221
2 21 223
2 21 225
2 22 53
2 22 59
2 22 60
2 22 190
2 23 58
2 23 59
2 23 82
2 23 84
2 23 86
2 23 152
2 23 153
2 23 174
2 23 188
2 23 199
2 23 210
2 24 83
2 24 85
2 24 87
2 24 153
2 24 187
2 24 212
2 25 176
2 25 199
2 25 205
2 25 221
2 25 226
2 26 177
2 26 200
2 26 202
2 26 206
2 26 220
2 26 225
2 26 226
2 27 53
2 27 54
2 27 55
2 27 56
2 27 57
2 27 58
2 27 67
2 27 68
2 27 80
2 27 81
2 27 110
2 27 153
2 27 159
2 27 160
2 27 167
2 27 168
2 27 234
2 28 54
2 28 56
2 28 57
2 28 59
2 28 60
2 28 88
2 28 97
2 28 152
2 28 268
2 29 53
2 29 54
2 29 60
2 29 97
2 29 104
2 29 153
2 29 173
2 29 269
2 30 53
2 30 54
2 30 55
2 30 56
2 30 60
2 30 90
2 30 97
2 30 104
2 30 269
2 30 270
2 31 32
2 31 53
2 31 54
2 31 55
2 31 56
2 31 57
2 31 90
2 31 99
2 31 271
2 32 53
2 32 54
2 32 55
2 32 56
2 32 57
2 32 58
2 32 99
2 32 105
2 32 116
2 32 272
2 33 54
2 33 55
2 33 56
2 33 148
2 33 163
2 33 273
2 34 53
2 34 54
2 34 56
2 35 53
2 35 54
2 36 53
2 36 54
2 36 55
2 37 53
2 37 54
2 37 55
2 37 56
2 37 57
2 37 58
2 38 53
2 38 54
2 38 57
2 38 137
2 38 138
2 38 251
2 38 280
2 39 46
2 39 74
2 39 75
2 39 78
2 39 79
2 39 168
2 40 45
2 40 75
2 40 78
2 40 79
2 40 162
2 41 49
2 41 74
2 42 77
2 42 79
2 42 87
2 43 49
2 43 53
2 43 55
2 43 57
2 43 58
2 43 115
2 43 116
2 43 167
2 43 179
2 43 181
2 43 199
2 43 234
2 44 46
2 44 54
2 44 56
2 44 57
2 44 58
2 44 60
2 44 77
2 44 115
2 44 116
2 44 160
2 44 168
2 44 175
2 44 200
2 45 49
2 45 78
2 45 79
2 45 169
2 46 78
2 46 79
2 47 49
2 47 64
2 47 115
2 47 116
2 47 161
2 48 50
2 48 115
2 48 116
2 48 162
2 49 64
2 49 115
2 49 161
2 50 75
2 50 87
2 50 162
2 50 175
2 51 53
2 51 58
2 51 59
2 51 110
2 51 123
2 51 167
2 51 169
2 51 183
2 51 234
2 52 54
2 52 60
2 52 75
2 52 110
2 52 168
2 52 170
2 52 178
2 52 235
2 53 54
2 53 55
2 53 56
2 53 57
2 53 58
2 53 59
2 53 60
2 53 66
2 53 69
2 53 78
2 53 81
2 53 83
2 53 88
2 53 89
2 53 90
2 53 91
2 53 92
2 53 93
2 53 94
2 53 95
2 53 96
2 53 101
2 53 102
2 53 110
2 53 112
2 53 113
2 53 114
2 53 129
2 53 130
2 53 143
2 53 144
2 53 145
2 53 148
2 53 151
2 53 152
2 53 153
2 53 154
2 53 155
2 53 157
2 53 158
2 53 159
2 53 160
2 53 169
2 53 171
2 53 172
2 53 179
2 53 180
2 53 199
2 53 203
2 53 205
2 53 210
2 53 211
2 53 221
2 53 239
2 53 241
2 53 242
2 53 243
2 53 244
2 53 245
2 53 247
2 53 248
2 53 249
2 53 250
2 53 251
2 53 273
2 54 55
2 54 56
2 54 57
2 54 58
2 54 59
2 54 60
2 54 65
2 54 68
2 54 69
2 54 80
2 54 88
2 54 89
2 54 90
2 54 91
2 54 92
2 54 93
2 54 94
2 54 95
2 54 96
2 54 99
2 54 101
2 54 102
2 54 110
2 54 112
2 54 113
2 54 114
2 54 129
2 54 130
2 54 139
2 54 140
2 54 143
2 54 144
2 54 148
2 54 151
2 54 152
2 54 153
2 54 154
2 54 155
2 54 159
2 54 160
2 54 166
2 54 170
2 54 171
2 54 172
2 54 176
2 54 200
2 54 204
2 54 206
2 54 207
2 54 208
2 54 210
2 54 220
2 54 241
2 54 242
2 54 243
2 54 244
2 54 245
2 54 247
2 54 248
2 54 249
2 54 250
2 54 272
2 54 278
2 54 280
2 55 56
2 55 57
2 55 58
2 55 59
2 55 60
2 55 62
2 55 64
2 55 65
2 55 66
2 55 67
2 55 68
2 55 69
2 55 70
2 55 72
2 55 73
2 55 76
2 55 110
2 55 112
2 55 113
2 55 114
2 55 152
2 55 153
2 55 158
2 55 159
2 55 160
2 55 162
2 55 163
2 55 174
2 55 175
2 55 179
2 55 180
2 55 211
2 55 232
2 55 234
2 55 235
2 55 241
2 55 246
2 55 249
2 55 253
2 55 265
2 55 266
2 56 62
2 56 64
2 56 65
2 56 66
2 56 67
2 56 68
2 56 69
2 56 73
2 56 77
2 56 92
2 56 113
2 56 114
2 56 116
2 56 152
2 56 153
2 56 157
2 56 158
2 56 159
2 56 160
2 56 163
2 56 169
2 56 174
2 56 175
2 56 179
2 56 180
2 56 199
2 56 200
2 56 211
2 56 233
2 56 235
2 56 238
2 56 243
2 56 248
2 56 270
2 57 58
2 57 66
2 57 68
2 57 69
2 57 88
2 57 89
2 57 90
2 57 91
2 57 92
2 57 95
2 57 113
2 57 114
2 57 129
2 57 130
2 57 143
2 57 144
2 57 148
2 57 151
2 57 152
2 57 153
2 57 157
2 57 200
2 57 207
2 57 208
2 57 209
2 57 243
2 57 244
2 58 60
2 58 65
2 58 67
2 58 69
2 58 88
2 58 89
2 58 90
2 58 91
2 58 92
2 58 95
2 58 96
2 58 100
2 58 112
2 58 113
2 58 114
2 58 115
2 58 116
2 58 129
2 58 130
2 58 141
2 58 144
2 58 148
2 58 151
2 58 152
2 58 153
2 58 157
2 58 158
2 58 159
2 58 166
2 58 169
2 58 207
2 58 208
2 58 209
2 58 241
2 58 242
2 58 245
2 58 250
2 59 65
2 59 68
2 59 70
2 59 72
2 59 80
2 59 81
2 59 85
2 59 87
2 59 88
2 59 89
2 59 90
2 59 91
2 59 110
2 59 114
2 59 120
2 59 125
2 59 132
2 59 152
2 59 153
2 59 157
2 59 158
2 59 164
2 59 169
2 59 170
2 59 176
2 59 184
2 59 199
2 59 207
2 59 208
2 59 209
2 59 210
2 59 234
2 59 237
2 59 239
2 59 240
2 59 242
2 59 269
2 59 270
2 60 65
2 60 69
2 60 70
2 60 80
2 60 84
2 60 86
2 60 88
2 60 89
2 60 90
2 60 99
2 60 110
2 60 114
2 60 119
2 60 120
2 60 131
2 60 152
2 60 153
2 60 159
2 60 169
2 60 170
2 60 176
2 60 177
2 60 184
2 60 200
2 60 207
2 60 208
2 60 209
2 60 235
2 60 236
2 60 237
2 60 238
2 60 240
2 60 241
2 60 242
2 60 243
2 60 244
2 61 63
2 62 64
2 62 65
2 62 66
2 62 67
2 62 68
2 62 69
2 62 72
2 62 115
2 62 116
2 62 140
2 62 141
2 62 144
2 62 157
2 62 161
2 62 162
2 62 175
2 62 252
2 62 267
2 64 66
2 64 67
2 64 68
2 64 69
2 64 72
2 64 116
2 64 157
2 64 161
2 64 162
2 64 267
2 64 278
2 65 68
2 65 72
2 65 95
2 65 141
2 65 142
2 65 151
2 65 152
2 65 157
2 65 158
2 65 160
2 65 162
2 65 164
2 65 250
2 66 67
2 66 68
2 66 77
2 66 82
2 66 83
2 66 141
2 66 160
2 66 161
2 66 162
2 66 175
2 66 180
2 66 183
2 66 221
2 66 223
2 66 268
2 67 69
2 67 141
2 67 142
2 67 146
2 67 157
2 67 159
2 67 174
2 67 176
2 67 183
2 67 220
2 67 222
2 67 266
2 68 69
2 68 83
2 68 115
2 68 116
2 68 129
2 68 148
2 68 152
2 68 153
2 68 157
2 68 158
2 68 163
2 68 165
2 68 175
2 68 180
2 68 184
2 68 200
2 69 73
2 69 82
2 69 114
2 69 130
2 69 152
2 69 153
2 69 157
2 69 158
2 69 162
2 69 163
2 69 174
2 69 175
2 69 208
2 69 234
2 70 73
2 70 110
2 70 112
2 70 139
2 70 140
2 70 156
2 70 163
2 70 164
2 70 177
2 70 179
2 70 180
2 70 184
2 70 190
2 70 197
2 70 198
2 70 204
2 70 215
2 70 225
2 71 82
2 71 112
2 71 161
2 71 164
2 71 171
2 71 176
2 71 177
2 71 179
2 71 180
2 71 184
2 71 190
2 71 197
2 71 198
2 71 203
2 71 220
2 71 224
2 71 225
2 72 89
2 72 104
2 72 109
2 72 111
2 72 116
2 72 153
2 72 157
2 72 158
2 72 160
2 72 162
2 72 164
2 72 165
2 72 184
2 72 207
2 72 208
2 72 209
2 72 263
2 72 265
2 72 279
2 73 82
2 73 83
2 73 88
2 73 152
2 73 153
2 73 156
2 73 157
2 73 163
2 73 173
2 73 218
2 73 240
2 74 76
2 75 77
2 75 162
2 75 175
2 75 177
2 75 183
2 76 115
2 76 116
2 76 167
2 76 220
2 77 115
2 77 168
2 77 183
2 77 223
2 78 79
2 78 167
2 80 81
2 80 168
2 80 169
2 80 170
2 80 176
2 80 177
2 81 127
2 81 167
2 81 169
2 81 176
2 81 178
2 81 183
2 82 115
2 82 157
2 82 158
2 82 203
2 82 228
2 83 85
2 83 116
2 83 152
2 83 157
2 83 158
2 83 210
2 83 229
2 84 117
2 84 131
2 84 133
2 84 169
2 84 171
2 84 172
2 84 178
2 84 181
2 84 184
2 84 191
2 84 199
2 84 202
2 84 213
2 84 221
2 84 228
2 84 232
2 84 236
2 85 118
2 85 120
2 85 124
2 85 132
2 85 134
2 85 170
2 85 171
2 85 172
2 85 178
2 85 184
2 85 187
2 85 192
2 85 200
2 85 201
2 85 202
2 85 212
2 85 221
2 85 229
2 85 233
2 85 237
2 86 121
2 86 131
2 86 135
2 86 167
2 86 171
2 86 172
2 86 178
2 86 181
2 86 184
2 86 187
2 86 201
2 86 214
2 86 230
2 87 122
2 87 128
2 87 132
2 87 136
2 87 168
2 87 171
2 87 172
2 87 178
2 87 182
2 87 184
2 87 185
2 87 188
2 87 202
2 87 215
2 87 231
2 88 104
2 88 268
2 88 269
2 89 104
2 89 152
2 89 268
2 89 269
2 89 270
2 90 91
2 90 98
2 90 99
2 90 105
2 90 270
2 90 271
2 91 99
2 91 105
2 91 271
2 91 272
2 92 100
2 92 116
2 92 152
2 92 272
2 92 273
2 93 116
2 93 152
2 93 173
2 93 271
2 93 272
2 93 273
2 95 111
2 95 142
2 95 144
2 95 251
2 96 109
2 96 137
2 96 145
2 96 146
2 96 153
2 96 163
2 96 251
2 96 280
2 97 104
2 97 268
2 97 269
2 97 270
2 98 105
2 98 110
2 98 152
2 98 153
2 98 163
2 98 270
2 98 271
2 98 272
2 99 105
2 99 106
2 99 110
2 99 152
2 99 153
2 99 163
2 99 271
2 99 272
2 99 273
2 100 106
2 100 110
2 100 152
2 100 153
2 100 264
2 100 273
2 101 110
2 101 152
2 101 153
2 102 110
2 102 152
2 102 153
2 103 110
2 103 152
2 103 153
2 103 251
2 103 280
2 104 157
2 104 162
2 104 173
2 104 240
2 104 241
2 104 242
2 104 252
2 104 253
2 104 263
2 104 264
2 104 265
2 104 268
2 104 269
2 105 160
2 105 173
2 105 242
2 105 243
2 105 244
2 105 253
2 105 254
2 105 255
2 105 263
2 105 264
2 105 265
2 105 270
2 105 271
2 106 158
2 106 173
2 106 244
2 106 245
2 106 246
2 106 255
2 106 256
2 106 263
2 106 264
2 106 265
2 107 246
2 107 247
2 107 248
2 107 257
2 107 258
2 107 265
2 107 275
2 108 154
2 108 248
2 108 259
2 108 260
2 108 276
2 108 277
2 109 111
2 109 137
2 109 250
2 109 251
2 109 261
2 109 262
2 110 113
2 110 114
2 110 139
2 110 140
2 110 141
2 110 142
2 110 145
2 110 146
2 110 148
2 110 152
2 110 153
2 110 155
2 110 156
2 110 163
2 110 167
2 110 168
2 110 180
2 110 183
2 110 204
2 110 205
2 110 206
2 110 207
2 110 211
2 110 220
2 110 221
2 110 222
2 110 223
2 110 241
2 110 251
2 110 252
2 110 262
2 111 112
2 111 137
2 111 145
2 111 159
2 112 160
2 112 162
2 112 164
2 112 169
2 112 170
2 112 176
2 112 177
2 112 197
2 112 198
2 112 263
2 112 264
2 112 265
2 112 267
2 113 114
2 113 153
2 113 210
2 114 152
2 114 252
2 115 116
2 115 147
2 115 161
2 115 174
2 115 179
2 115 183
2 115 208
2 115 267
2 116 148
2 116 158
2 116 162
2 116 175
2 116 200
2 116 207
2 116 209
2 116 245
2 116 264
2 116 265
2 116 271
2 117 119
2 117 123
2 117 163
2 117 178
2 117 181
2 117 188
2 117 191
2 117 228
2 117 236
2 118 120
2 118 124
2 118 132
2 118 163
2 118 182
2 118 192
2 118 229
2 119 121
2 119 125
2 119 187
2 119 189
2 119 190
2 119 191
2 119 192
2 119 195
2 119 232
2 120 122
2 120 126
2 120 168
2 120 187
2 120 188
2 120 189
2 120 190
2 120 191
2 120 192
2 120 194
2 120 201
2 120 231
2 120 233
2 120 235
2 121 127
2 121 131
2 121 135
2 121 163
2 121 181
2 121 187
2 121 238
2 122 128
2 122 132
2 122 136
2 122 163
2 122 182
2 122 188
2 122 195
2 122 239
2 123 133
2 123 169
2 123 181
2 123 194
2 123 195
2 123 228
2 124 172
2 124 182
2 124 193
2 124 194
2 124 195
2 124 196
2 124 229
2 125 127
2 125 133
2 125 135
2 125 171
2 125 178
2 125 189
2 125 190
2 125 195
2 125 196
2 125 234
2 126 132
2 126 134
2 126 136
2 126 178
2 126 189
2 126 194
2 126 196
2 126 233
2 127 135
2 127 167
2 127 178
2 127 181
2 127 194
2 127 195
2 127 196
2 127 230
2 128 136
2 128 168
2 128 178
2 128 182
2 128 194
2 128 195
2 128 196
2 128 231
2 128 235
2 129 143
2 129 145
2 129 157
2 129 165
2 129 251
2 130 146
2 130 151
2 130 153
2 130 163
2 130 165
2 131 169
2 131 187
2 131 189
2 131 191
2 131 194
2 131 204
2 131 224
2 131 225
2 131 227
2 131 236
2 132 170
2 132 184
2 132 188
2 132 189
2 132 192
2 132 195
2 132 205
2 132 225
2 132 226
2 132 227
2 132 267
2 133 172
2 133 178
2 133 181
2 133 182
2 133 188
2 133 218
2 134 171
2 134 172
2 134 178
2 134 181
2 134 182
2 134 187
2 134 202
2 134 219
2 135 171
2 135 178
2 135 181
2 135 192
2 135 216
2 136 172
2 136 178
2 136 182
2 136 191
2 136 195
2 136 217
2 136 235
2 137 158
2 137 280
2 138 280
2 139 140
2 139 148
2 139 153
2 139 156
2 139 163
2 139 248
2 139 278
2 140 148
2 140 152
2 140 153
2 140 156
2 140 163
2 141 142
2 141 143
2 141 144
2 141 161
2 142 143
2 142 144
2 142 161
2 143 144
2 143 152
2 143 251
2 144 152
2 144 153
2 144 251
2 145 146
2 145 152
2 145 251
2 146 153
2 146 251
2 148 152
2 149 203
2 149 222
2 150 204
2 150 223
2 151 157
2 151 158
2 152 153
2 152 154
2 152 155
2 152 156
2 152 157
2 152 158
2 152 160
2 152 173
2 152 175
2 152 184
2 152 218
2 152 251
2 152 254
2 152 255
2 152 256
2 152 257
2 152 259
2 152 261
2 152 262
2 152 280
2 153 154
2 153 155
2 153 159
2 153 160
2 153 163
2 153 166
2 153 173
2 153 175
2 153 219
2 153 251
2 153 255
2 153 257
2 153 258
2 153 259
2 153 261
2 153 262
2 153 264
2 153 280
2 154 155
2 154 277
2 155 248
2 156 163
2 157 158
2 157 164
2 157 165
2 157 174
2 158 164
2 158 165
2 158 250
2 158 264
2 158 265
2 158 273
2 158 274
2 158 279
2 159 174
2 159 176
2 159 183
2 160 162
2 160 168
2 160 175
2 160 177
2 160 180
2 160 200
2 160 265
2 161 199
2 162 164
2 162 175
2 162 264
2 162 265
2 162 268
2 163 181
2 163 182
2 163 207
2 163 226
2 163 228
2 164 165
2 164 166
2 164 176
2 164 177
2 164 178
2 164 196
2 164 197
2 164 198
2 164 221
2 164 248
2 164 261
2 164 263
2 164 264
2 164 267
2 165 166
2 165 251
2 166 251
2 167 168
2 167 169
2 167 178
2 167 183
2 167 185
2 167 186
2 167 187
2 167 188
2 167 189
2 167 190
2 167 191
2 167 192
2 167 212
2 167 224
2 167 225
2 167 226
2 167 227
2 167 234
2 167 238
2 168 170
2 168 178
2 168 183
2 168 185
2 168 186
2 168 187
2 168 188
2 168 189
2 168 190
2 168 191
2 168 192
2 168 204
2 168 212
2 168 213
2 168 214
2 168 224
2 168 225
2 168 226
2 168 227
2 168 235
2 168 239
2 169 176
2 169 178
2 169 179
2 169 184
2 169 193
2 169 227
2 169 236
2 169 238
2 170 177
2 170 178
2 170 180
2 170 184
2 170 193
2 170 224
2 170 237
2 170 239
2 171 179
2 171 180
2 171 186
2 171 198
2 171 220
2 171 224
2 171 225
2 171 227
2 171 234
2 172 210
2 172 211
2 172 221
2 172 224
2 172 225
2 172 226
2 172 227
2 172 232
2 172 233
2 173 199
2 173 272
2 173 280
2 174 179
2 175 180
2 175 182
2 176 183
2 176 197
2 176 202
2 176 234
2 177 183
2 177 197
2 177 201
2 177 235
2 178 181
2 178 182
2 178 195
2 178 196
2 178 238
2 178 239
2 179 184
2 179 189
2 179 190
2 179 198
2 179 203
2 179 204
2 179 205
2 179 206
2 179 225
2 179 226
2 179 252
2 180 184
2 180 189
2 180 190
2 180 197
2 180 198
2 180 203
2 180 204
2 180 205
2 180 206
2 180 224
2 180 225
2 181 228
2 181 230
2 182 229
2 182 231
2 182 235
2 183 200
2 183 234
2 183 235
2 184 187
2 184 189
2 184 190
2 184 210
2 184 225
2 184 227
2 184 238
2 184 239
2 185 189
2 185 204
2 185 215
2 185 225
2 185 226
2 186 187
2 186 190
2 186 192
2 186 196
2 186 203
2 186 214
2 186 224
2 186 227
2 187 190
2 187 192
2 187 227
2 187 237
2 187 238
2 188 189
2 188 191
2 188 226
2 188 232
2 188 236
2 188 239
2 189 190
2 189 195
2 189 197
2 189 198
2 189 199
2 189 200
2 189 233
2 190 197
2 190 199
2 190 200
2 190 201
2 190 233
2 190 235
2 191 199
2 191 231
2 191 236
2 191 239
2 192 200
2 192 217
2 192 219
2 192 229
2 192 237
2 192 238
2 193 220
2 193 221
2 193 229
2 194 228
2 194 230
2 195 202
2 195 229
2 195 230
2 195 231
2 196 222
2 196 223
2 196 225
2 196 230
2 196 231
2 197 200
2 197 204
2 197 210
2 197 252
2 198 205
2 199 202
2 199 204
2 199 214
2 199 218
2 199 219
2 199 222
2 199 234
2 200 203
2 200 235
2 201 211
2 202 211
2 203 222
2 203 252
2 204 223
2 204 252
2 205 221
2 205 225
2 206 220
2 206 224
2 207 241
2 207 252
2 214 232
2 215 233
2 215 235
2 217 239
2 218 239
2 219 238
2 220 233
2 221 232
2 224 227
2 224 236
2 224 237
2 225 226
2 225 236
2 226 239
2 227 238
2 229 237
2 232 234
2 232 267
2 233 235
2 240 252
2 240 268
2 241 242
2 241 252
2 241 253
2 241 268
2 241 269
2 242 243
2 242 252
2 242 269
2 242 270
2 243 254
2 243 271
2 244 272
2 245 256
2 245 272
2 245 273
2 246 274
2 247 248
2 247 257
2 247 259
2 247 274
2 247 275
2 248 259
2 248 276
2 250 251
2 250 261
2 250 278
2 250 279
2 251 262
2 251 279
2 251 280
2 252 268
2 252 269
2 253 264
2 253 269
2 253 270
2 255 272
2 256 273
2 257 258
2 257 273
2 257 274
2 259 260
2 259 276
2 259 277
2 260 277
2 261 278
2 261 279
2 262 279
2 263 264
2 263 265
2 263 266
2 263 268
2 263 269
2 263 270
2 263 271
2 263 272
2 263 273
2 264 265
2 264 268
2 264 269
2 264 271
2 264 272
2 264 273
2 265 266
2 265 267
2 265 268
2 265 269
2 265 270
2 265 271
2 265 272
2 265 273
2 265 274
2 266 267
