37 261 261
1 1 2
1 3 4
1 3 5
1 3 6
1 3 7
1 3 8
1 3 9
1 3 10
1 3 11
1 3 12
1 3 2
1 13 5
1 13 9
1 13 14
1 13 15
1 13 2
1 16 2
1 4 3
1 4 17
1 4 5
1 4 18
1 4 7
1 4 9
1 4 11
1 4 2
1 17 4
1 17 18
1 17 2
1 19 20
1 21 5
1 22 20
1 23 7
1 23 24
1 23 25
1 23 11
1 23 26
1 5 3
1 5 13
1 5 4
1 5 19
1 5 21
1 5 22
1 5 6
1 5 18
1 5 27
1 5 7
1 5 28
1 5 29
1 5 30
1 5 31
1 5 25
1 5 32
1 5 20
1 5 9
1 5 33
1 5 34
1 5 14
1 5 35
1 5 36
1 5 11
1 5 26
1 5 37
1 5 38
1 5 39
1 5 2
1 5 40
1 6 3
1 6 5
1 6 9
1 6 11
1 6 2
1 41 2
1 42 14
1 42 2
1 43 31
1 43 40
1 18 4
1 18 17
1 18 5
1 18 7
1 18 44
1 18 45
1 18 46
1 18 9
1 18 37
1 18 2
1 18 40
1 18 47
1 27 5
1 27 38
1 48 14
1 49 2
1 50 9
1 7 3
1 7 4
1 7 23
1 7 5
1 7 18
1 7 44
1 7 31
1 7 24
1 7 9
1 7 11
1 7 2
1 7 40
1 28 5
1 51 11
1 29 5
1 29 39
1 29 2
1 44 18
1 44 7
1 52 9
1 52 2
1 45 18
1 46 18
1 30 5
1 31 5
1 31 43
1 31 7
1 31 40
1 8 3
1 8 11
1 24 23
1 24 7
1 24 11
1 25 23
1 25 5
1 25 9
1 25 11
1 25 26
1 25 2
1 32 5
1 32 53
1 32 2
1 54 11
1 20 5
1 55 9
1 9 3
1 9 13
1 9 4
1 9 5
1 9 6
1 9 18
1 9 50
1 9 7
1 9 52
1 9 25
1 9 55
1 9 56
1 9 14
1 9 11
1 9 26
1 9 2
1 9 57
1 33 5
1 33 39
1 33 40
1 34 5
1 34 40
1 56 9
1 58 2
1 14 13
1 14 5
1 14 42
1 14 48
1 14 9
1 14 2
1 35 5
1 35 2
1 36 5
1 10 3
1 59 13
1 59 2
1 60 11
1 11 3
1 11 4
1 11 23
1 11 5
1 11 6
1 11 7
1 11 51
1 11 8
1 11 24
1 11 25
1 11 54
1 11 9
1 11 60
1 11 26
1 11 2
1 11 61
1 26 23
1 26 5
1 26 25
1 26 9
1 26 11
1 12 3
1 37 5
1 37 18
1 37 2
1 15 13
1 53 32
1 53 2
1 38 5
1 38 27
1 39 5
1 39 29
1 39 33
1 2 1
1 2 3
1 2 13
1 2 16
1 2 4
1 2 17
1 2 5
1 2 6
1 2 41
1 2 42
1 2 18
1 2 49
1 2 7
1 2 29
1 2 52
1 2 25
1 2 32
1 2 9
1 2 58
1 2 14
1 2 35
1 2 59
1 2 11
1 2 37
1 2 53
1 2 62
1 2 63
1 2 57
1 2 64
1 62 2
1 40 5
1 40 43
1 40 18
1 40 7
1 40 31
1 40 33
1 40 34
1 47 18
1 63 2
1 57 9
1 57 2
1 61 11
1 64 2
2 9 2
2 2 9
3 65 66
3 67 68
3 66 68
3 69 70
3 5 68
3 71 68
3 71 72
3 73 70
3 74 68
3 74 75
3 76 68
3 76 77
3 78 68
3 78 77
3 70 69
3 70 73
3 70 68
3 70 79
3 70 75
3 68 65
3 68 67
3 68 66
3 68 5
3 68 71
3 68 73
3 68 74
3 68 76
3 68 78
3 68 70
3 68 80
3 68 79
3 68 75
3 68 14
3 68 81
3 68 82
3 68 83
3 68 72
3 68 84
3 68 85
3 68 77
3 80 68
3 80 81
3 80 83
3 79 70
3 79 68
3 75 74
3 75 70
3 75 68
3 14 68
3 81 68
3 81 80
3 82 68
3 83 68
3 83 80
3 72 71
3 72 68
3 84 68
3 85 68
3 77 76
3 77 68
4 86 18
4 87 18
4 88 89
4 88 90
4 5 28
4 5 38
4 5 91
4 89 88
4 89 31
4 92 93
4 92 94
4 90 88
4 90 95
4 96 97
4 96 98
4 18 86
4 18 87
4 18 99
4 18 100
4 18 101
4 18 31
4 18 102
4 18 103
4 18 40
4 18 47
4 27 91
4 27 104
4 99 101
4 93 92
4 93 31
4 93 94
4 100 18
4 100 102
4 28 5
4 101 87
4 101 18
4 31 89
4 31 92
4 31 18
4 31 93
4 102 18
4 102 100
4 20 5
4 103 18
4 103 94
4 94 92
4 94 93
4 94 31
4 94 103
4 38 5
4 97 96
4 97 91
4 2 91
4 40 18
4 91 5
4 91 27
4 91 97
4 91 2
4 104 27
4 104 95
4 47 18
4 95 90
4 95 104
4 98 96
5 13 2
5 2 13
6 105 5
7 13 9
7 13 2
7 9 13
7 9 57
7 2 13
7 2 42
7 2 57
7 57 9
7 57 2
8 3 13
8 106 107
8 13 3
8 13 108
8 13 109
8 13 5
8 13 42
8 13 18
8 13 110
8 13 111
8 13 112
8 13 113
8 13 114
8 13 115
8 13 9
8 13 116
8 13 14
8 13 117
8 13 35
8 13 118
8 13 119
8 13 120
8 13 59
8 13 11
8 13 121
8 13 122
8 13 15
8 13 107
8 13 123
8 13 2
8 13 124
8 13 125
8 13 126
8 13 127
8 13 128
8 13 57
8 13 129
8 13 64
8 108 13
8 109 13
8 109 42
8 109 57
8 5 13
8 5 42
8 5 110
8 5 117
8 5 57
8 5 64
8 42 13
8 42 109
8 42 5
8 42 110
8 42 130
8 42 112
8 42 131
8 42 9
8 42 118
8 42 119
8 42 120
8 42 59
8 42 121
8 42 123
8 42 2
8 42 125
8 42 57
8 42 64
8 18 13
8 110 13
8 110 5
8 110 42
8 110 57
8 111 13
8 111 57
8 130 42
8 112 13
8 112 42
8 112 121
8 112 57
8 113 13
8 131 42
8 131 57
8 114 13
8 115 13
8 9 13
8 9 42
8 9 57
8 9 64
8 116 13
8 14 13
8 117 13
8 117 5
8 117 2
8 35 13
8 118 13
8 118 42
8 118 57
8 119 13
8 119 42
8 119 57
8 120 13
8 120 42
8 120 57
8 59 13
8 59 42
8 11 13
8 121 13
8 121 42
8 121 112
8 121 57
8 122 13
8 15 13
8 107 106
8 107 13
8 107 2
8 123 13
8 123 42
8 123 2
8 123 57
8 2 13
8 2 42
8 2 117
8 2 107
8 2 123
8 2 57
8 2 64
8 124 13
8 132 57
8 125 13
8 125 42
8 125 57
8 126 13
8 126 127
8 126 57
8 127 13
8 127 126
8 127 57
8 128 13
8 57 13
8 57 109
8 57 5
8 57 42
8 57 110
8 57 111
8 57 112
8 57 131
8 57 9
8 57 118
8 57 119
8 57 120
8 57 121
8 57 123
8 57 2
8 57 132
8 57 125
8 57 126
8 57 127
8 57 129
8 57 133
8 57 64
8 129 13
8 129 57
8 133 57
8 64 13
8 64 5
8 64 42
8 64 9
8 64 2
8 64 57
9 42 2
9 2 42
9 2 57
9 57 2
10 3 9
11 3 9
11 5 9
11 5 2
11 41 2
11 18 9
11 52 9
11 9 3
11 9 5
11 9 18
11 9 52
11 9 33
11 9 59
11 9 11
11 9 2
11 33 9
11 33 2
11 59 9
11 59 2
11 11 9
11 2 5
11 2 41
11 2 9
11 2 33
11 2 59
12 7 134
12 134 7
13 18 135
13 135 18
13 135 136
13 135 137
13 135 138
13 135 139
13 135 140
13 141 142
13 141 143
13 142 141
13 142 144
13 142 143
13 144 142
13 9 2
13 143 141
13 143 142
13 143 139
13 136 138
13 137 135
13 137 140
13 138 135
13 2 9
13 139 135
13 139 143
13 140 135
13 140 137
14 1 9
14 1 2
14 3 145
14 3 146
14 3 147
14 3 148
14 3 149
14 3 56
14 3 12
14 3 150
14 145 3
14 145 49
14 145 56
14 145 2
14 151 152
14 151 2
14 153 36
14 153 2
14 154 9
14 146 3
14 147 3
14 49 145
14 49 2
14 155 156
14 155 2
14 157 158
14 159 160
14 159 40
14 31 161
14 31 40
14 161 31
14 161 160
14 148 3
14 162 9
14 20 163
14 164 2
14 9 1
14 9 154
14 9 162
14 9 149
14 9 165
14 9 56
14 9 63
14 149 3
14 149 9
14 165 9
14 165 166
14 165 2
14 56 3
14 56 145
14 56 9
14 56 2
14 166 165
14 166 2
14 156 155
14 156 2
14 36 153
14 36 2
14 167 2
14 152 151
14 152 2
14 12 3
14 160 159
14 160 161
14 2 1
14 2 145
14 2 151
14 2 153
14 2 49
14 2 155
14 2 164
14 2 165
14 2 56
14 2 166
14 2 156
14 2 36
14 2 167
14 2 152
14 2 158
14 2 63
14 158 157
14 158 2
14 40 159
14 40 31
14 40 163
14 63 9
14 63 2
14 163 20
14 163 40
14 150 3
15 3 5
15 3 9
15 3 2
15 13 5
15 13 2
15 4 2
15 17 2
15 5 3
15 5 13
15 5 6
15 5 18
15 5 7
15 5 9
15 5 11
15 5 2
15 5 40
15 6 5
15 6 9
15 6 2
15 42 2
15 18 5
15 7 5
15 7 2
15 52 2
15 9 3
15 9 5
15 9 6
15 9 11
15 9 2
15 14 108
15 14 48
15 11 5
15 11 9
15 11 2
15 2 3
15 2 13
15 2 4
15 2 5
15 2 6
15 2 42
15 2 18
15 2 7
15 2 52
15 2 9
15 2 11
15 40 5
16 1 2
16 5 29
16 5 53
16 5 39
16 6 2
16 18 40
16 29 5
16 53 5
16 53 2
16 39 5
16 39 40
16 2 1
16 2 6
16 2 53
16 40 18
16 40 39
17 13 14
17 13 168
17 108 14
17 5 14
17 42 14
17 48 14
17 169 168
17 170 168
17 171 14
17 171 168
17 172 14
17 172 168
17 173 168
17 9 14
17 14 13
17 14 108
17 14 5
17 14 42
17 14 48
17 14 171
17 14 172
17 14 9
17 14 174
17 14 168
17 14 175
17 14 2
17 14 124
17 14 176
17 14 177
17 174 14
17 168 13
17 168 169
17 168 170
17 168 171
17 168 172
17 168 173
17 168 14
17 168 175
17 168 124
17 168 177
17 168 178
17 175 14
17 175 168
17 175 177
17 2 14
17 124 14
17 124 168
17 176 14
17 177 14
17 177 168
17 177 175
17 178 168
18 5 37
18 179 37
18 179 180
18 18 37
18 181 37
18 182 37
18 183 37
18 184 37
18 68 14
18 68 37
18 185 37
18 185 180
18 186 37
18 186 180
18 187 188
18 187 37
18 189 37
18 189 180
18 190 188
18 190 37
18 190 191
18 188 187
18 188 190
18 188 37
18 188 180
18 192 37
18 14 68
18 193 37
18 37 5
18 37 179
18 37 18
18 37 181
18 37 182
18 37 183
18 37 184
18 37 68
18 37 185
18 37 186
18 37 187
18 37 189
18 37 190
18 37 188
18 37 192
18 37 193
18 37 180
18 37 2
18 37 194
18 37 195
18 37 196
18 37 197
18 37 198
18 37 191
18 180 179
18 180 185
18 180 186
18 180 189
18 180 190
18 180 188
18 180 37
18 2 37
18 194 37
18 195 37
18 196 37
18 197 191
18 198 37
18 191 190
18 191 37
18 191 197
19 13 35
19 5 35
19 199 200
19 14 35
19 14 200
19 35 13
19 35 5
19 35 14
19 35 15
19 35 2
19 35 200
19 15 35
19 2 35
19 200 199
19 200 14
19 200 35
20 5 37
20 18 37
20 181 201
20 181 37
20 181 196
20 182 37
20 183 202
20 183 203
20 183 37
20 184 187
20 184 192
20 184 204
20 184 37
20 184 194
20 184 195
20 184 191
20 185 187
20 185 180
20 205 37
20 187 184
20 187 185
20 187 190
20 187 37
20 202 183
20 192 184
20 203 183
20 204 184
20 204 37
20 201 181
20 193 37
20 193 206
20 37 5
20 37 18
20 37 181
20 37 182
20 37 183
20 37 184
20 37 205
20 37 187
20 37 204
20 37 193
20 37 194
20 37 195
20 180 185
20 180 189
20 194 37
20 194 196
20 206 193
20 195 184
20 196 181
20 196 184
20 196 37
20 191 184
21 3 5
21 3 18
21 3 7
21 3 9
21 3 59
21 3 11
21 3 2
21 13 42
21 13 110
21 13 9
21 13 59
21 13 2
21 13 57
21 13 64
21 207 5
21 207 2
21 5 3
21 5 207
21 5 18
21 5 7
21 5 46
21 5 55
21 5 9
21 5 33
21 5 36
21 5 11
21 5 208
21 5 2
21 5 40
21 153 9
21 153 2
21 42 13
21 42 9
21 42 59
21 42 2
21 42 57
21 18 3
21 18 5
21 18 7
21 18 9
21 18 59
21 18 11
21 18 2
21 7 3
21 7 5
21 7 18
21 7 9
21 7 2
21 110 13
21 52 9
21 52 59
21 52 2
21 46 5
21 46 9
21 46 2
21 55 5
21 55 9
21 55 2
21 209 9
21 209 2
21 9 3
21 9 13
21 9 5
21 9 153
21 9 42
21 9 18
21 9 7
21 9 52
21 9 46
21 9 55
21 9 209
21 9 36
21 9 59
21 9 11
21 9 2
21 9 40
21 9 64
21 33 5
21 14 2
21 36 5
21 36 9
21 36 59
21 59 3
21 59 13
21 59 42
21 59 18
21 59 52
21 59 9
21 59 36
21 59 11
21 59 2
21 11 3
21 11 5
21 11 18
21 11 9
21 11 59
21 11 2
21 208 5
21 2 3
21 2 13
21 2 207
21 2 5
21 2 153
21 2 42
21 2 18
21 2 7
21 2 52
21 2 46
21 2 55
21 2 209
21 2 9
21 2 14
21 2 59
21 2 11
21 2 40
21 2 64
21 40 5
21 40 9
21 40 2
21 57 13
21 57 42
21 57 64
21 64 13
21 64 9
21 64 2
21 64 57
22 106 210
22 106 107
22 210 107
22 211 107
22 212 107
22 213 107
22 15 107
22 107 106
22 107 210
22 107 211
22 107 212
22 107 213
22 107 15
23 23 7
23 23 24
23 23 25
23 23 26
23 7 23
23 7 44
23 7 134
23 7 31
23 7 24
23 7 214
23 7 215
23 7 40
23 216 215
23 44 7
23 44 134
23 134 7
23 134 44
23 31 7
23 31 59
23 24 23
23 24 7
23 24 11
23 25 23
23 25 26
23 214 7
23 217 215
23 215 7
23 215 216
23 215 217
23 59 31
23 11 24
23 26 23
23 26 25
23 40 7
24 218 11
24 23 24
24 23 11
24 23 26
24 219 11
24 219 220
24 51 11
24 51 26
24 8 9
24 8 11
24 24 23
24 24 11
24 54 11
24 9 8
24 11 218
24 11 23
24 11 219
24 11 51
24 11 8
24 11 24
24 11 54
24 11 220
24 26 23
24 26 51
24 220 11
25 221 222
25 221 223
25 222 224
25 222 225
25 222 223
25 222 226
25 222 227
25 222 228
25 222 229
25 222 230
25 224 222
25 225 222
25 223 221
25 223 222
25 226 222
25 226 228
25 226 230
25 227 222
25 228 222
25 228 226
25 229 222
25 230 222
25 230 226
26 5 231
26 232 2
26 231 5
26 231 2
26 36 2
26 2 232
26 2 231
26 2 36
27 135 136
27 136 135
27 136 138
27 138 136
27 138 233
27 233 138
28 13 9
28 9 13
29 9 42
30 9 2
30 2 9
31 13 5
31 13 9
31 13 2
31 5 13
31 42 2
31 9 13
31 2 13
31 2 42
32 13 5
32 13 9
32 13 15
32 13 2
32 5 13
32 9 13
32 15 13
32 2 13
33 13 5
33 13 2
33 5 13
33 2 13
34 234 15
34 235 236
34 235 15
34 235 237
34 235 238
34 239 234
34 239 240
34 241 242
34 241 243
34 241 244
34 241 15
34 241 245
34 241 246
34 247 15
34 247 246
34 248 15
34 249 250
34 242 241
34 242 244
34 242 15
34 242 245
34 240 15
34 243 241
34 243 15
34 243 245
34 250 15
34 244 241
34 244 242
34 244 15
34 244 245
34 251 15
34 251 252
34 236 235
34 236 15
34 236 237
34 236 238
34 15 235
34 15 239
34 15 241
34 15 247
34 15 248
34 15 249
34 15 242
34 15 243
34 15 244
34 15 251
34 15 236
34 15 107
34 15 245
34 15 246
34 15 253
34 15 254
34 15 255
34 15 252
34 15 256
34 15 257
34 15 258
34 15 259
34 107 15
34 245 241
34 245 242
34 245 243
34 245 15
34 246 247
34 246 251
34 246 15
34 246 252
34 246 258
34 253 15
34 253 254
34 254 15
34 254 253
34 254 257
34 255 15
34 255 257
34 252 15
34 252 246
34 260 256
34 256 234
34 256 15
34 256 260
34 257 15
34 257 254
34 257 255
34 237 235
34 237 236
34 237 238
34 238 235
34 238 236
34 238 237
34 258 234
34 258 246
34 259 248
35 3 2
35 2 3
36 1 2
36 3 13
36 3 5
36 3 6
36 3 9
36 3 59
36 3 11
36 3 2
36 13 3
36 13 108
36 13 5
36 13 18
36 13 9
36 13 59
36 13 11
36 13 107
36 13 2
36 13 124
36 218 11
36 108 13
36 17 2
36 23 24
36 23 11
36 23 26
36 5 3
36 5 13
36 5 108
36 5 6
36 5 42
36 5 18
36 5 7
36 5 110
36 5 28
36 5 29
36 5 52
36 5 68
36 5 46
36 5 31
36 5 9
36 5 33
36 5 14
36 5 36
36 5 11
36 5 37
36 5 208
36 5 53
36 5 39
36 5 2
36 5 40
36 5 57
36 5 64
36 153 2
36 6 3
36 6 5
36 6 52
36 6 9
36 6 59
36 6 2
36 41 9
36 41 2
36 42 5
36 42 9
36 42 59
36 42 2
36 18 13
36 18 5
36 18 9
36 18 2
36 18 40
36 7 5
36 7 9
36 7 11
36 7 2
36 110 5
36 28 5
36 219 11
36 51 11
36 51 26
36 29 5
36 52 5
36 52 6
36 52 9
36 52 2
36 68 5
36 46 5
36 46 2
36 30 2
36 31 5
36 8 9
36 8 11
36 24 23
36 24 11
36 25 11
36 54 11
36 55 9
36 55 2
36 209 9
36 209 2
36 9 3
36 9 13
36 9 5
36 9 6
36 9 41
36 9 42
36 9 18
36 9 7
36 9 52
36 9 8
36 9 55
36 9 209
36 9 56
36 9 14
36 9 36
36 9 59
36 9 11
36 9 2
36 9 57
36 9 64
36 33 5
36 33 2
36 56 9
36 14 5
36 14 9
36 14 2
36 36 5
36 36 9
36 59 3
36 59 13
36 59 6
36 59 42
36 59 9
36 59 2
36 11 3
36 11 13
36 11 218
36 11 23
36 11 5
36 11 7
36 11 219
36 11 51
36 11 8
36 11 24
36 11 25
36 11 54
36 11 9
36 11 26
36 11 2
36 11 61
36 26 23
36 26 51
36 26 11
36 37 5
36 208 5
36 53 5
36 53 2
36 107 13
36 39 5
36 39 2
36 39 40
36 123 2
36 2 1
36 2 3
36 2 13
36 2 108
36 2 17
36 2 5
36 2 153
36 2 6
36 2 41
36 2 42
36 2 18
36 2 7
36 2 52
36 2 46
36 2 30
36 2 55
36 2 209
36 2 9
36 2 33
36 2 14
36 2 59
36 2 11
36 2 53
36 2 39
36 2 123
36 2 124
36 2 40
36 2 57
36 2 64
36 124 13
36 124 2
36 40 5
36 40 18
36 40 39
36 40 2
36 57 5
36 57 9
36 57 2
36 61 11
36 64 5
36 64 9
36 64 2
37 5 41
37 5 62
37 261 2
37 6 36
37 41 5
37 36 6
37 167 2
37 2 261
37 2 167
37 62 5
