58 300 300
1 1 2
1 2 1
2 3 4
2 3 5
2 6 7
2 8 6
2 9 3
2 10 9
2 11 3
2 5 10
2 12 13
3 14 15
3 14 16
3 14 2
3 17 2
3 18 16
3 18 2
3 15 14
3 15 2
3 16 14
3 16 18
3 16 2
3 2 14
3 2 17
3 2 18
3 2 15
3 2 16
4 19 20
4 20 19
4 1 2
4 2 1
4 12 13
5 21 1
5 21 22
5 23 1
5 24 1
5 1 21
5 1 23
5 1 24
5 1 25
5 25 1
5 22 21
6 26 27
6 26 28
6 29 30
6 31 32
6 33 19
6 19 33
6 19 34
6 19 35
6 19 32
6 19 36
6 19 37
6 19 38
6 19 39
6 19 40
6 19 41
6 19 42
6 19 43
6 19 44
6 19 28
6 19 45
6 19 46
6 19 47
6 19 48
6 49 32
6 34 19
6 50 51
6 50 42
6 50 46
6 35 19
6 32 31
6 32 19
6 32 49
6 32 46
6 36 19
6 51 50
6 37 19
6 27 26
6 27 52
6 52 27
6 52 53
6 52 54
6 55 48
6 53 52
6 56 42
6 38 19
6 38 48
6 57 46
6 39 19
6 39 48
6 40 19
6 40 48
6 41 19
6 42 19
6 42 50
6 42 56
6 30 29
6 43 19
6 43 45
6 44 19
6 28 26
6 28 19
6 54 52
6 45 19
6 45 43
6 46 19
6 46 50
6 46 32
6 46 57
6 47 19
6 48 19
6 48 55
6 48 38
6 48 39
6 48 40
7 58 59
7 58 60
7 58 61
7 58 62
7 58 63
7 64 60
7 65 66
7 65 62
7 67 68
7 67 69
7 59 58
7 60 58
7 66 65
7 66 68
7 61 58
7 61 62
7 68 67
7 68 66
7 69 64
7 69 67
7 62 58
7 62 65
7 62 63
7 63 58
8 23 1
8 9 1
8 70 23
8 1 21
8 1 9
9 71 72
9 71 73
9 71 74
9 75 72
9 72 71
9 72 75
9 72 76
9 72 77
9 72 78
9 72 79
9 72 73
9 72 80
9 76 72
9 77 72
9 77 74
9 78 72
9 79 72
9 79 73
9 73 71
9 73 72
9 73 79
9 80 72
9 74 71
9 74 77
10 81 82
10 81 83
10 81 84
10 85 83
10 82 81
10 82 83
10 83 85
10 83 82
10 83 86
10 86 83
10 84 81
11 87 3
11 87 88
11 3 87
11 3 89
11 90 5
11 5 90
11 5 88
12 91 92
12 3 20
12 3 93
12 3 10
12 3 4
12 3 11
12 20 3
12 20 9
12 20 94
12 20 95
12 20 93
12 20 10
12 20 96
12 6 9
12 6 97
12 98 8
12 98 99
12 100 3
12 100 8
12 100 101
12 100 96
12 8 98
12 9 20
12 9 6
12 94 20
12 95 20
12 95 11
12 97 6
12 93 3
12 93 20
12 10 102
12 10 5
12 4 3
12 103 92
12 99 98
12 101 91
12 101 100
12 11 100
12 11 95
12 92 20
12 92 8
12 92 101
12 5 3
12 96 20
12 96 100
13 29 104
13 105 104
13 19 50
13 19 106
13 19 104
13 50 19
13 50 106
13 50 104
13 106 19
13 106 50
13 106 104
13 104 29
13 104 105
13 104 19
13 104 50
13 104 106
13 104 107
13 107 104
14 14 108
14 14 18
14 14 15
14 14 16
14 14 1
14 14 109
14 14 2
14 21 108
14 108 14
14 108 21
14 108 16
14 108 110
14 111 112
14 111 113
14 17 112
14 17 2
14 17 114
14 18 14
14 18 15
14 18 109
14 18 2
14 15 14
14 15 18
14 15 109
14 15 2
14 115 2
14 16 14
14 16 108
14 16 2
14 1 14
14 1 2
14 110 108
14 109 14
14 109 18
14 109 15
14 109 2
14 112 111
14 112 17
14 112 113
14 112 2
14 112 114
14 116 112
14 113 111
14 113 112
14 113 116
14 2 14
14 2 17
14 2 18
14 2 15
14 2 115
14 2 16
14 2 1
14 2 109
14 2 112
14 2 114
14 114 17
14 114 112
14 114 2
15 117 98
15 118 6
15 118 119
15 6 118
15 6 98
15 6 120
15 6 121
15 122 119
15 122 123
15 98 117
15 98 6
15 98 119
15 124 99
15 124 125
15 120 6
15 119 118
15 119 122
15 119 98
15 126 99
15 126 127
15 123 122
15 123 99
15 99 122
15 99 123
15 99 125
15 99 128
15 125 124
15 125 99
15 125 129
15 127 126
15 127 99
15 128 124
15 129 125
15 121 6
16 130 131
16 130 132
16 130 133
16 130 134
16 135 136
16 91 137
16 91 103
16 91 101
16 91 92
16 91 134
16 138 9
16 138 139
16 138 134
16 87 3
16 87 5
16 140 20
16 140 141
16 142 10
16 142 143
16 3 87
16 3 137
16 3 100
16 3 93
16 3 10
16 3 5
16 3 144
16 145 137
16 145 83
16 145 92
16 145 134
16 146 20
16 146 92
16 20 140
16 20 146
16 20 136
16 20 137
16 20 147
16 20 148
16 20 134
16 149 136
16 150 151
16 152 6
16 152 134
16 81 8
16 81 82
16 81 84
16 117 6
16 117 134
16 85 131
16 136 135
16 136 20
16 136 149
16 136 153
16 136 9
16 136 94
16 136 154
16 136 155
16 136 97
16 136 7
16 136 156
16 136 157
16 136 139
16 136 134
16 158 83
16 153 150
16 153 136
16 153 151
16 153 97
16 153 7
16 153 159
16 153 83
16 153 134
16 160 10
16 141 140
16 141 137
16 141 93
16 141 144
16 161 94
16 161 134
16 151 153
16 137 91
16 137 3
16 137 145
16 137 20
16 137 141
16 137 6
16 137 100
16 137 8
16 137 9
16 137 94
16 137 162
16 137 93
16 137 10
16 137 163
16 137 164
16 137 99
16 137 157
16 137 159
16 137 101
16 137 83
16 137 86
16 137 11
16 137 92
16 137 148
16 137 134
16 137 165
16 137 84
16 6 152
16 6 117
16 6 137
16 6 166
16 6 98
16 6 9
16 6 154
16 6 97
16 6 7
16 6 99
16 6 83
16 6 134
16 166 6
16 166 134
16 167 134
16 168 169
16 170 171
16 172 164
16 172 101
16 98 6
16 98 134
16 98 121
16 100 3
16 100 137
16 100 164
16 100 101
16 100 96
16 100 134
16 8 81
16 8 137
16 8 82
16 8 99
16 8 101
16 8 86
16 8 134
16 9 138
16 9 136
16 9 137
16 9 6
16 9 162
16 9 173
16 9 97
16 9 131
16 9 101
16 9 83
16 9 92
16 174 162
16 174 131
16 174 84
16 94 136
16 94 161
16 94 137
16 94 147
16 94 175
16 94 83
16 94 148
16 94 134
16 176 177
16 176 10
16 176 157
16 154 136
16 154 6
16 154 99
16 154 134
16 178 92
16 178 134
16 178 84
16 162 137
16 162 9
16 162 174
16 162 131
16 162 84
16 179 143
16 90 10
16 90 5
16 180 134
16 173 9
16 173 131
16 173 83
16 181 134
16 182 134
16 183 92
16 183 134
16 155 136
16 155 157
16 184 185
16 184 134
16 177 157
16 97 136
16 97 153
16 97 6
16 97 9
16 97 7
16 97 99
16 97 134
16 186 92
16 93 3
16 93 141
16 93 137
16 10 142
16 10 3
16 10 160
16 10 137
16 10 176
16 10 179
16 10 90
16 10 187
16 10 157
16 10 188
16 10 169
16 10 189
16 10 134
16 103 91
16 103 137
16 103 101
16 103 92
16 103 134
16 82 81
16 82 8
16 82 83
16 82 134
16 7 136
16 7 153
16 7 6
16 7 97
16 7 139
16 7 134
16 185 184
16 185 134
16 163 137
16 163 131
16 164 137
16 164 172
16 164 100
16 164 101
16 164 134
16 190 99
16 190 134
16 171 188
16 156 136
16 187 10
16 131 130
16 131 85
16 131 9
16 131 174
16 131 162
16 131 173
16 131 163
16 131 132
16 131 133
16 131 148
16 131 134
16 147 20
16 147 94
16 191 92
16 99 137
16 99 6
16 99 8
16 99 154
16 99 97
16 99 190
16 99 83
16 99 134
16 99 121
16 132 130
16 132 131
16 192 134
16 157 136
16 157 137
16 157 176
16 157 155
16 157 10
16 157 193
16 159 153
16 159 137
16 159 134
16 193 157
16 101 91
16 101 137
16 101 172
16 101 100
16 101 8
16 101 9
16 101 103
16 101 164
16 101 92
16 101 134
16 139 138
16 139 136
16 139 7
16 175 94
16 175 148
16 83 145
16 83 158
16 83 153
16 83 137
16 83 6
16 83 9
16 83 94
16 83 173
16 83 82
16 83 99
16 83 86
16 83 92
16 83 134
16 83 84
16 86 137
16 86 8
16 86 83
16 86 134
16 143 142
16 143 10
16 194 134
16 11 137
16 11 96
16 92 91
16 92 145
16 92 146
16 92 137
16 92 9
16 92 178
16 92 183
16 92 186
16 92 103
16 92 191
16 92 101
16 92 83
16 92 134
16 92 165
16 92 84
16 5 87
16 5 3
16 5 90
16 5 189
16 188 10
16 188 169
16 169 168
16 169 170
16 169 10
16 96 100
16 96 11
16 96 134
16 189 10
16 189 5
16 144 3
16 144 141
16 133 130
16 133 131
16 133 148
16 133 134
16 148 20
16 148 137
16 148 94
16 148 131
16 148 175
16 148 133
16 148 134
16 134 130
16 134 91
16 134 138
16 134 145
16 134 20
16 134 152
16 134 117
16 134 136
16 134 153
16 134 161
16 134 137
16 134 6
16 134 166
16 134 167
16 134 98
16 134 100
16 134 8
16 134 94
16 134 154
16 134 178
16 134 180
16 134 181
16 134 182
16 134 183
16 134 184
16 134 97
16 134 10
16 134 103
16 134 82
16 134 7
16 134 185
16 134 164
16 134 190
16 134 131
16 134 99
16 134 192
16 134 159
16 134 101
16 134 83
16 134 86
16 134 194
16 134 92
16 134 96
16 134 133
16 134 148
16 134 84
16 134 121
16 165 137
16 165 92
16 84 81
16 84 137
16 84 174
16 84 178
16 84 162
16 84 83
16 84 92
16 84 134
16 121 98
16 121 99
16 121 134
17 58 61
17 58 195
17 61 58
17 61 99
17 195 58
17 99 61
18 196 197
18 196 198
18 199 200
18 201 200
18 202 203
18 202 200
18 110 200
18 203 200
18 204 197
18 197 196
18 197 200
18 197 198
18 200 199
18 200 201
18 200 202
18 200 110
18 200 203
18 200 197
18 198 196
18 198 197
19 115 61
19 12 13
20 196 198
20 23 110
20 110 23
20 110 205
20 110 204
20 110 198
20 110 206
20 110 207
20 205 110
20 205 200
20 204 110
20 204 207
20 197 200
20 197 198
20 200 205
20 200 197
20 198 196
20 198 110
20 198 197
20 206 110
20 207 110
20 207 204
21 100 164
22 3 93
22 20 94
22 208 209
22 141 93
22 210 211
22 93 95
22 93 212
22 93 213
22 211 20
22 212 141
22 213 208
22 214 215
22 215 210
22 216 212
23 75 72
23 72 75
23 72 77
23 72 78
23 72 79
23 72 73
23 77 72
23 78 72
23 79 72
23 79 74
23 73 72
23 74 79
24 217 12
24 218 13
24 13 218
24 13 219
24 13 12
24 219 13
24 12 217
24 12 13
25 12 13
26 140 20
26 140 141
26 3 141
26 146 20
26 146 92
26 20 140
26 20 146
26 20 156
26 20 159
26 20 194
26 136 94
26 136 155
26 141 140
26 141 3
26 100 181
26 8 159
26 9 159
26 9 165
26 94 136
26 94 147
26 94 159
26 94 148
26 181 100
26 181 92
26 155 136
26 156 20
26 131 159
26 147 94
26 159 20
26 159 8
26 159 9
26 159 94
26 159 131
26 159 194
26 159 148
26 194 20
26 194 159
26 92 146
26 92 181
26 92 165
26 148 94
26 148 159
26 165 9
26 165 92
27 115 8
27 8 115
28 199 201
28 199 115
28 199 110
28 199 204
28 199 198
28 199 207
28 201 199
28 201 110
28 201 207
28 115 199
28 115 110
28 115 207
28 9 199
28 9 207
28 110 199
28 110 201
28 110 204
28 110 198
28 110 207
28 204 199
28 204 110
28 204 207
28 198 199
28 198 110
28 198 207
28 207 199
28 207 201
28 207 115
28 207 9
28 207 110
28 207 204
28 207 198
29 220 92
29 221 220
29 92 221
30 58 222
30 58 223
30 58 64
30 58 224
30 58 225
30 58 65
30 58 226
30 58 67
30 58 227
30 58 228
30 58 98
30 58 229
30 58 230
30 58 8
30 58 9
30 58 231
30 58 232
30 58 233
30 58 59
30 58 60
30 58 66
30 58 61
30 58 68
30 58 195
30 58 234
30 58 99
30 58 235
30 58 69
30 58 236
30 58 237
30 58 238
30 58 239
30 58 62
30 58 2
30 58 240
30 58 63
30 58 241
30 58 92
30 58 242
30 58 243
30 58 244
30 58 245
30 222 58
30 223 58
30 223 115
30 64 58
30 19 115
30 224 58
30 224 115
30 224 66
30 72 115
30 225 58
30 65 58
30 65 115
30 65 66
30 65 241
30 226 58
30 67 58
30 67 68
30 227 58
30 228 58
30 115 223
30 115 19
30 115 224
30 115 72
30 115 65
30 115 98
30 115 8
30 115 9
30 115 231
30 115 1
30 115 66
30 115 61
30 115 62
30 115 244
30 115 207
30 98 58
30 98 115
30 229 58
30 230 58
30 230 244
30 8 58
30 8 115
30 8 231
30 9 58
30 9 115
30 231 58
30 231 115
30 231 8
30 231 241
30 232 58
30 233 58
30 1 115
30 59 58
30 60 58
30 66 58
30 66 224
30 66 65
30 66 115
30 66 68
30 66 2
30 66 241
30 61 58
30 61 115
30 68 58
30 68 67
30 68 66
30 195 58
30 234 58
30 99 58
30 235 58
30 69 58
30 236 58
30 237 58
30 238 58
30 239 58
30 62 58
30 62 115
30 246 58
30 2 58
30 2 66
30 240 58
30 63 58
30 241 58
30 241 65
30 241 231
30 241 66
30 92 58
30 242 58
30 243 58
30 244 58
30 244 115
30 244 230
30 245 246
30 207 115
31 247 104
31 104 247
32 71 72
32 248 72
32 19 72
32 249 73
32 72 71
32 72 248
32 72 19
32 72 250
32 72 115
32 72 76
32 72 77
32 72 78
32 72 79
32 72 251
32 72 73
32 72 252
32 72 80
32 72 253
32 72 254
32 250 72
32 115 72
32 13 72
32 76 72
32 77 72
32 77 79
32 78 79
32 78 73
32 79 72
32 79 77
32 79 78
32 79 73
32 79 80
32 79 253
32 251 72
32 73 249
32 73 72
32 73 79
32 252 72
32 80 72
32 80 79
32 253 72
32 253 79
32 254 72
33 8 9
33 9 8
34 255 1
34 256 1
34 23 1
34 23 257
34 258 1
34 24 259
34 24 260
34 1 255
34 1 256
34 1 23
34 1 258
34 1 259
34 1 260
34 259 24
34 259 1
34 259 260
34 257 23
34 260 24
34 260 1
34 260 259
35 146 20
35 146 92
35 20 146
35 20 159
35 20 194
35 136 94
35 136 155
35 6 159
35 9 159
35 9 148
35 94 136
35 94 159
35 94 148
35 155 136
35 131 159
35 159 20
35 159 6
35 159 9
35 159 94
35 159 131
35 159 83
35 159 194
35 83 159
35 194 20
35 194 159
35 92 146
35 92 165
35 148 9
35 148 94
35 165 92
36 29 105
36 29 19
36 29 50
36 29 106
36 29 104
36 105 29
36 105 19
36 261 19
36 19 29
36 19 105
36 19 261
36 19 72
36 19 50
36 19 106
36 19 262
36 19 13
36 19 52
36 19 104
36 19 107
36 19 12
36 72 19
36 72 104
36 50 29
36 50 19
36 106 29
36 106 19
36 262 19
36 13 19
36 52 19
36 104 29
36 104 19
36 104 72
36 107 19
36 12 19
37 91 20
37 91 92
37 20 91
37 20 136
37 20 158
37 20 153
37 20 137
37 20 6
37 20 98
37 20 100
37 20 8
37 20 9
37 20 178
37 20 181
37 20 183
37 20 103
37 20 164
37 20 191
37 20 101
37 20 83
37 20 92
37 136 20
37 136 153
37 136 9
37 136 157
37 158 20
37 158 98
37 158 83
37 158 92
37 153 20
37 153 136
37 153 6
37 137 20
37 6 20
37 6 153
37 98 20
37 98 158
37 98 8
37 98 9
37 98 99
37 98 121
37 100 20
37 100 8
37 100 9
37 100 181
37 8 20
37 8 98
37 8 100
37 8 9
37 8 103
37 8 99
37 8 101
37 8 92
37 9 20
37 9 136
37 9 98
37 9 100
37 9 8
37 9 181
37 9 123
37 9 99
37 9 101
37 9 92
37 178 20
37 178 92
37 181 20
37 181 100
37 181 9
37 183 20
37 103 20
37 103 8
37 103 92
37 164 20
37 164 101
37 123 9
37 191 20
37 191 101
37 191 92
37 99 98
37 99 8
37 99 9
37 157 136
37 101 20
37 101 8
37 101 9
37 101 164
37 101 191
37 101 92
37 83 20
37 83 158
37 83 92
37 92 91
37 92 20
37 92 158
37 92 8
37 92 9
37 92 178
37 92 103
37 92 191
37 92 101
37 92 83
37 121 98
38 115 9
38 9 115
39 115 9
39 9 115
40 255 1
40 256 1
40 263 1
40 23 1
40 258 1
40 1 255
40 1 256
40 1 263
40 1 23
40 1 258
41 115 2
41 2 115
42 118 119
42 6 118
42 6 264
42 122 119
42 122 123
42 264 121
42 124 125
42 119 6
42 119 122
42 126 99
42 123 122
42 123 99
42 99 123
42 99 125
42 99 127
42 125 124
42 125 99
42 125 129
42 127 126
42 129 125
42 121 6
43 58 230
43 58 9
43 58 99
43 265 223
43 265 9
43 91 9
43 91 101
43 91 83
43 91 92
43 21 1
43 223 265
43 223 115
43 223 9
43 87 3
43 87 5
43 140 20
43 140 141
43 3 87
43 3 20
43 3 100
43 3 8
43 3 9
43 3 93
43 3 10
43 3 4
43 3 11
43 3 5
43 3 144
43 145 158
43 145 137
43 145 9
43 20 91
43 20 140
43 20 3
43 20 136
43 20 158
43 20 153
43 20 137
43 20 6
43 20 98
43 20 100
43 20 8
43 20 9
43 20 94
43 20 95
43 20 183
43 20 93
43 20 10
43 20 103
43 20 164
43 20 147
43 20 99
43 20 157
43 20 193
43 20 101
43 20 83
43 20 11
43 20 92
43 20 96
43 20 134
43 20 84
43 102 10
43 149 136
43 81 84
43 72 9
43 118 119
43 136 20
43 136 149
43 136 158
43 136 9
43 136 94
43 136 157
43 136 139
43 136 194
43 158 145
43 158 20
43 158 136
43 158 153
43 158 137
43 158 6
43 158 98
43 158 8
43 158 94
43 158 154
43 158 178
43 158 182
43 158 97
43 158 190
43 158 99
43 158 159
43 158 83
43 158 194
43 158 92
43 158 148
43 158 84
43 153 20
43 153 158
43 153 9
43 141 140
43 141 144
43 137 145
43 137 20
43 137 158
43 137 8
43 137 9
43 137 94
43 137 83
43 137 92
43 137 148
43 137 84
43 23 70
43 6 20
43 6 118
43 6 158
43 6 264
43 6 8
43 6 9
43 6 154
43 6 97
43 6 7
43 6 99
43 6 92
43 122 119
43 122 123
43 115 223
43 115 8
43 115 9
43 170 171
43 264 121
43 98 20
43 98 158
43 98 8
43 98 9
43 98 99
43 100 3
43 100 20
43 100 8
43 100 9
43 100 10
43 100 164
43 100 101
43 100 11
43 100 92
43 100 96
43 230 244
43 124 125
43 8 3
43 8 20
43 8 158
43 8 137
43 8 6
43 8 115
43 8 98
43 8 100
43 8 9
43 8 154
43 8 183
43 8 10
43 8 103
43 8 61
43 8 164
43 8 99
43 8 101
43 8 2
43 8 11
43 8 92
43 8 134
43 8 84
43 9 58
43 9 265
43 9 91
43 9 223
43 9 3
43 9 145
43 9 20
43 9 72
43 9 136
43 9 153
43 9 137
43 9 6
43 9 115
43 9 98
43 9 100
43 9 8
43 9 94
43 9 154
43 9 183
43 9 97
43 9 1
43 9 10
43 9 103
43 9 61
43 9 164
43 9 99
43 9 159
43 9 101
43 9 2
43 9 194
43 9 11
43 9 92
43 9 96
43 9 84
43 94 20
43 94 136
43 94 158
43 94 137
43 94 9
43 176 10
43 154 158
43 154 6
43 154 8
43 154 9
43 154 1
43 95 20
43 95 11
43 178 158
43 178 83
43 90 5
43 119 6
43 119 122
43 182 158
43 183 20
43 183 8
43 183 9
43 183 101
43 70 21
43 97 158
43 97 6
43 97 9
43 1 23
43 1 9
43 1 154
43 1 2
43 93 3
43 93 20
43 10 3
43 10 20
43 10 102
43 10 100
43 10 8
43 10 9
43 10 90
43 10 157
43 10 5
43 10 169
43 10 189
43 4 3
43 103 20
43 103 8
43 103 9
43 103 101
43 103 92
43 82 83
43 7 6
43 7 139
43 61 8
43 61 9
43 164 20
43 164 100
43 164 8
43 164 9
43 190 158
43 171 188
43 126 99
43 123 122
43 123 99
43 147 20
43 99 58
43 99 20
43 99 158
43 99 6
43 99 98
43 99 8
43 99 9
43 99 123
43 99 125
43 99 127
43 113 2
43 157 20
43 157 136
43 157 177
43 157 10
43 159 158
43 159 9
43 159 83
43 193 20
43 101 91
43 101 20
43 101 100
43 101 8
43 101 9
43 101 183
43 101 103
43 101 92
43 125 124
43 125 99
43 125 129
43 127 126
43 139 136
43 139 7
43 2 8
43 2 9
43 2 1
43 2 266
43 83 91
43 83 20
43 83 158
43 83 137
43 83 178
43 83 82
43 83 159
43 83 84
43 194 136
43 194 158
43 194 9
43 11 3
43 11 20
43 11 100
43 11 8
43 11 9
43 11 95
43 92 20
43 92 158
43 92 137
43 92 6
43 92 100
43 92 8
43 92 9
43 92 103
43 92 101
43 5 87
43 5 3
43 5 10
43 5 189
43 169 170
43 96 20
43 96 100
43 96 9
43 189 10
43 189 5
43 144 3
43 144 141
43 148 158
43 148 137
43 129 125
43 244 58
43 134 20
43 134 8
43 84 20
43 84 81
43 84 158
43 84 137
43 84 8
43 84 9
43 84 83
43 121 6
43 267 2
43 266 267
44 6 9
44 6 97
44 9 6
44 97 6
45 29 19
45 31 32
45 33 19
45 247 19
45 105 19
45 105 50
45 105 104
45 261 19
45 19 29
45 19 33
45 19 247
45 19 105
45 19 261
45 19 34
45 19 72
45 19 50
45 19 106
45 19 262
45 19 35
45 19 268
45 19 269
45 19 115
45 19 36
45 19 8
45 19 9
45 19 13
45 19 270
45 19 1
45 19 110
45 19 104
45 19 271
45 19 272
45 19 273
45 19 39
45 19 40
45 19 274
45 19 275
45 19 41
45 19 276
45 19 2
45 19 44
45 19 107
45 19 46
45 19 12
45 19 74
45 19 277
45 19 48
45 34 19
45 72 19
45 50 105
45 50 19
45 50 106
45 50 51
45 50 13
45 50 104
45 50 41
45 50 278
45 106 19
45 106 50
45 106 104
45 262 19
45 262 104
45 35 19
45 268 19
45 32 31
45 32 46
45 269 19
45 115 19
45 36 19
45 8 19
45 51 50
45 218 13
45 9 19
45 13 19
45 13 50
45 13 218
45 13 12
45 270 19
45 1 19
45 110 19
45 104 105
45 104 19
45 104 50
45 104 106
45 104 262
45 104 107
45 271 19
45 272 19
45 273 19
45 39 19
45 40 19
45 274 19
45 275 19
45 41 19
45 41 50
45 276 19
45 2 19
45 44 19
45 107 19
45 107 104
45 278 50
45 46 19
45 46 32
45 12 19
45 12 13
45 74 19
45 277 19
45 48 19
46 29 19
46 58 64
46 58 224
46 58 65
46 58 67
46 58 230
46 58 9
46 58 231
46 58 66
46 58 68
46 58 238
46 58 2
46 58 241
46 58 242
46 58 243
46 58 244
46 14 18
46 14 16
46 14 109
46 14 2
46 31 32
46 21 70
46 21 1
46 108 16
46 108 2
46 223 2
46 105 19
46 111 112
46 111 2
46 261 19
46 64 58
46 19 29
46 19 105
46 19 261
46 19 50
46 19 106
46 19 262
46 19 269
46 19 9
46 19 270
46 19 52
46 19 1
46 19 104
46 19 271
46 19 273
46 19 274
46 19 42
46 19 2
46 19 107
46 19 46
46 19 277
46 19 48
46 224 58
46 17 2
46 72 13
46 72 1
46 72 2
46 279 1
46 263 1
46 18 2
46 50 19
46 50 12
46 65 58
46 65 1
46 65 2
46 15 2
46 67 58
46 106 19
46 262 19
46 23 70
46 23 1
46 23 257
46 32 31
46 32 46
46 269 19
46 115 230
46 115 8
46 115 9
46 115 13
46 115 1
46 115 2
46 115 244
46 230 58
46 230 115
46 230 244
46 8 6
46 8 115
46 8 2
46 8 92
46 9 58
46 9 19
46 9 115
46 9 1
46 9 2
46 13 72
46 13 115
46 13 1
46 13 2
46 13 12
46 270 19
46 231 58
46 154 1
46 280 2
46 16 14
46 16 108
46 16 110
46 16 2
46 16 241
46 16 207
46 24 1
46 24 260
46 70 21
46 70 23
46 70 1
46 52 19
46 1 21
46 1 19
46 1 72
46 1 279
46 1 263
46 1 65
46 1 23
46 1 115
46 1 9
46 1 13
46 1 154
46 1 24
46 1 70
46 1 110
46 1 259
46 1 257
46 1 25
46 1 2
46 1 281
46 1 22
46 1 260
46 1 282
46 1 12
46 1 207
46 110 16
46 110 1
46 110 207
46 109 14
46 109 2
46 104 19
46 104 12
46 66 58
46 66 2
46 283 113
46 271 19
46 61 2
46 68 58
46 273 19
46 259 1
46 274 19
46 257 23
46 257 1
46 25 1
46 112 111
46 112 113
46 112 2
46 113 112
46 113 238
46 113 2
46 42 19
46 101 8
46 238 58
46 238 283
46 2 58
46 2 14
46 2 108
46 2 223
46 2 111
46 2 19
46 2 17
46 2 72
46 2 18
46 2 65
46 2 15
46 2 115
46 2 8
46 2 9
46 2 13
46 2 280
46 2 16
46 2 1
46 2 109
46 2 66
46 2 61
46 2 112
46 2 113
46 2 114
46 2 266
46 241 58
46 241 16
46 107 19
46 92 103
46 281 1
46 22 1
46 260 24
46 260 1
46 282 1
46 242 58
46 243 66
46 46 19
46 46 32
46 12 50
46 12 13
46 12 1
46 12 104
46 244 58
46 244 115
46 244 230
46 277 19
46 48 19
46 207 16
46 207 1
46 207 110
46 267 2
46 114 2
46 266 2
46 266 267
47 265 223
47 265 9
47 223 265
47 223 115
47 223 9
47 223 2
47 223 207
47 115 223
47 115 9
47 9 265
47 9 223
47 9 115
47 2 223
47 207 223
48 58 9
48 91 8
48 91 9
48 91 92
48 223 9
48 3 20
48 3 100
48 3 8
48 3 9
48 3 93
48 3 10
48 3 4
48 3 11
48 3 5
48 145 137
48 145 9
48 145 92
48 20 3
48 20 136
48 20 158
48 20 137
48 20 284
48 20 6
48 20 100
48 20 8
48 20 9
48 20 94
48 20 95
48 20 183
48 20 93
48 20 10
48 20 103
48 20 164
48 20 147
48 20 99
48 20 157
48 20 193
48 20 101
48 20 83
48 20 11
48 20 92
48 20 96
48 20 84
48 102 10
48 72 9
48 136 20
48 136 158
48 136 153
48 136 8
48 136 9
48 136 157
48 158 20
48 158 136
48 158 153
48 158 137
48 158 6
48 158 166
48 158 98
48 158 8
48 158 94
48 158 182
48 158 184
48 158 97
48 158 7
48 158 190
48 158 99
48 158 192
48 158 83
48 158 92
48 158 148
48 158 84
48 153 136
48 153 158
48 153 8
48 153 9
48 153 7
48 137 145
48 137 20
48 137 158
48 137 284
48 137 6
48 137 8
48 137 9
48 137 94
48 137 178
48 137 163
48 137 101
48 137 83
48 137 92
48 137 148
48 137 84
48 65 9
48 284 20
48 284 137
48 284 6
48 284 8
48 285 92
48 6 20
48 6 158
48 6 137
48 6 284
48 6 115
48 6 8
48 6 9
48 6 154
48 6 97
48 6 7
48 6 99
48 166 158
48 286 193
48 115 6
48 115 98
48 115 8
48 115 9
48 115 99
48 172 101
48 98 158
48 98 115
48 98 8
48 98 9
48 98 99
48 98 121
48 100 3
48 100 20
48 100 8
48 100 9
48 100 164
48 100 101
48 100 11
48 100 92
48 100 96
48 8 91
48 8 3
48 8 20
48 8 136
48 8 158
48 8 153
48 8 137
48 8 284
48 8 6
48 8 115
48 8 98
48 8 100
48 8 9
48 8 154
48 8 183
48 8 10
48 8 103
48 8 164
48 8 190
48 8 99
48 8 101
48 8 11
48 8 92
48 8 84
48 9 58
48 9 91
48 9 223
48 9 3
48 9 145
48 9 20
48 9 72
48 9 136
48 9 153
48 9 137
48 9 65
48 9 6
48 9 115
48 9 98
48 9 100
48 9 8
48 9 94
48 9 154
48 9 183
48 9 97
48 9 10
48 9 103
48 9 7
48 9 61
48 9 164
48 9 190
48 9 99
48 9 101
48 9 83
48 9 11
48 9 92
48 9 96
48 9 148
48 9 84
48 9 207
48 94 20
48 94 158
48 94 137
48 94 9
48 154 6
48 154 8
48 154 9
48 95 20
48 95 11
48 178 137
48 178 92
48 181 101
48 182 158
48 183 20
48 183 8
48 183 9
48 184 158
48 97 158
48 97 6
48 97 9
48 93 3
48 93 20
48 10 3
48 10 20
48 10 102
48 10 8
48 10 9
48 10 157
48 10 5
48 4 3
48 103 20
48 103 8
48 103 9
48 103 92
48 7 158
48 7 153
48 7 6
48 7 9
48 163 137
48 61 9
48 61 99
48 164 20
48 164 100
48 164 8
48 164 9
48 164 92
48 190 158
48 190 8
48 190 9
48 147 20
48 191 101
48 99 20
48 99 158
48 99 6
48 99 115
48 99 98
48 99 8
48 99 9
48 99 61
48 99 62
48 192 158
48 157 20
48 157 136
48 157 10
48 157 193
48 193 20
48 193 286
48 193 157
48 101 20
48 101 137
48 101 172
48 101 100
48 101 8
48 101 9
48 101 181
48 101 191
48 101 92
48 62 99
48 83 20
48 83 158
48 83 137
48 83 9
48 83 84
48 11 3
48 11 20
48 11 100
48 11 8
48 11 9
48 11 95
48 92 91
48 92 145
48 92 20
48 92 158
48 92 137
48 92 285
48 92 100
48 92 8
48 92 9
48 92 178
48 92 103
48 92 164
48 92 101
48 92 84
48 5 3
48 5 10
48 96 20
48 96 100
48 96 9
48 148 158
48 148 137
48 148 9
48 84 20
48 84 158
48 84 137
48 84 8
48 84 9
48 84 83
48 84 92
48 207 9
48 121 98
49 21 1
49 108 16
49 16 2
49 70 21
49 1 2
49 110 207
49 2 1
49 2 266
49 266 267
50 71 72
50 71 77
50 71 79
50 71 73
50 71 74
50 248 72
50 75 72
50 72 71
50 72 248
50 72 75
50 72 77
50 72 79
50 72 73
50 77 71
50 77 72
50 77 74
50 79 71
50 79 72
50 79 73
50 73 71
50 73 72
50 73 79
50 74 71
50 74 77
51 58 234
51 58 241
51 233 241
51 234 58
51 241 58
51 241 233
52 10 160
52 10 287
52 10 288
52 288 289
52 289 10
53 19 72
53 19 12
53 72 19
53 50 290
53 217 13
53 217 12
53 290 50
53 290 13
53 290 12
53 218 13
53 218 12
53 13 217
53 13 290
53 13 218
53 13 291
53 13 292
53 13 219
53 13 12
53 293 12
53 1 12
53 291 13
53 291 12
53 292 13
53 292 294
53 295 12
53 294 292
53 294 12
53 219 13
53 296 12
53 12 19
53 12 217
53 12 290
53 12 13
53 12 293
53 12 1
53 12 291
53 12 295
53 12 294
53 12 296
53 12 297
53 297 12
54 8 9
54 9 8
55 14 1
55 14 2
55 21 23
55 21 1
55 223 1
55 19 1
55 72 1
55 279 1
55 50 1
55 23 21
55 23 1
55 23 257
55 115 1
55 8 1
55 9 1
55 13 1
55 70 1
55 1 14
55 1 21
55 1 223
55 1 19
55 1 72
55 1 279
55 1 50
55 1 23
55 1 115
55 1 8
55 1 9
55 1 13
55 1 70
55 1 110
55 1 104
55 1 61
55 1 25
55 1 99
55 1 2
55 1 260
55 1 282
55 1 12
55 1 207
55 110 1
55 104 1
55 104 12
55 61 1
55 257 23
55 25 1
55 99 1
55 2 14
55 2 1
55 260 1
55 282 1
55 12 1
55 12 104
55 207 1
56 217 12
56 218 13
56 218 12
56 13 218
56 13 219
56 13 12
56 295 12
56 294 12
56 219 13
56 12 217
56 12 13
56 12 295
56 12 294
57 3 298
57 3 299
57 298 3
57 298 299
57 300 299
57 299 3
57 299 298
57 299 300
58 72 77
58 72 79
58 72 80
58 72 253
58 77 72
58 79 72
58 79 74
58 80 72
58 253 72
58 74 79
