5 61 61
1 1 2
1 1 3
1 10 11
1 10 14
1 10 15
1 10 16
1 11 14
1 11 15
1 11 16
1 12 13
1 12 20
1 12 40
1 13 20
1 13 26
1 13 40
1 13 45
1 14 15
1 15 16
1 15 30
1 17 23
1 17 25
1 17 46
1 17 49
1 17 50
1 17 51
1 17 52
1 18 21
1 18 25
1 18 43
1 18 44
1 18 56
1 18 58
1 19 24
1 19 25
1 19 30
1 19 36
1 20 40
1 20 42
1 20 45
1 21 44
1 21 51
1 21 57
1 22 26
1 23 25
1 23 46
1 23 49
1 23 50
1 23 51
1 23 52
1 24 25
1 24 27
1 24 28
1 24 29
1 24 30
1 24 31
1 24 32
1 24 33
1 24 34
1 24 35
1 24 36
1 25 31
1 25 35
1 25 43
1 25 46
1 25 47
1 25 48
1 25 52
1 25 56
1 25 58
1 26 27
1 26 34
1 26 44
1 26 46
1 27 31
1 27 32
1 27 33
1 27 34
1 27 35
1 27 36
1 27 38
1 27 44
1 27 54
1 27 59
1 28 29
1 28 31
1 28 32
1 28 33
1 28 34
1 28 35
1 28 36
1 29 31
1 29 32
1 29 33
1 29 34
1 29 35
1 3 21
1 3 44
1 3 51
1 3 57
1 3 7
1 30 34
1 30 36
1 31 32
1 31 33
1 31 34
1 31 35
1 32 33
1 32 34
1 32 35
1 33 34
1 33 35
1 33 36
1 34 35
1 34 36
1 34 57
1 35 58
1 37 40
1 37 41
1 38 39
1 38 44
1 39 44
1 4 10
1 4 11
1 4 14
1 4 15
1 4 16
1 4 18
1 4 6
1 40 41
1 40 42
1 40 45
1 41 42
1 41 45
1 42 45
1 43 51
1 43 56
1 43 58
1 44 51
1 44 53
1 44 54
1 44 55
1 44 57
1 44 59
1 44 61
1 46 47
1 46 49
1 46 52
1 47 48
1 47 51
1 47 52
1 48 52
1 49 50
1 49 52
1 5 12
1 5 13
1 5 20
1 50 51
1 50 52
1 51 52
1 51 57
1 52 56
1 53 54
1 53 55
1 54 55
1 54 59
1 54 61
1 55 59
1 55 61
1 56 58
1 59 61
1 6 10
1 6 11
1 6 14
1 6 15
1 6 16
1 7 21
1 7 34
1 7 44
1 7 51
1 7 57
1 8 12
1 8 13
1 8 37
1 8 40
1 8 41
1 8 42
1 8 45
1 9 18
1 9 25
1 9 43
1 9 51
1 9 56
1 9 58
2 12 13
2 12 23
2 13 21
2 13 23
2 13 26
2 13 44
2 13 46
2 13 51
2 15 16
2 15 34
2 15 39
2 17 23
2 17 46
2 17 47
2 17 51
2 19 23
2 19 24
2 19 26
2 19 27
2 19 28
2 19 29
2 19 30
2 19 31
2 19 33
2 19 34
2 19 56
2 19 58
2 21 34
2 21 44
2 21 46
2 21 51
2 23 34
2 23 37
2 23 39
2 23 44
2 23 46
2 23 47
2 23 50
2 23 51
2 23 56
2 24 28
2 24 30
2 24 31
2 24 33
2 24 34
2 26 27
2 26 28
2 26 29
2 26 30
2 26 33
2 26 34
2 26 39
2 26 44
2 26 51
2 28 29
2 28 30
2 28 31
2 28 33
2 28 34
2 29 30
2 29 31
2 29 33
2 29 34
2 30 31
2 30 33
2 30 34
2 30 39
2 30 44
2 31 33
2 31 34
2 31 37
2 31 39
2 31 44
2 33 34
2 33 44
2 33 53
2 34 39
2 34 46
2 34 50
2 37 39
2 37 44
2 39 44
2 39 46
2 39 51
2 4 12
2 4 13
2 4 17
2 4 5
2 4 7
2 4 8
2 4 9
2 44 46
2 44 51
2 46 47
2 46 51
2 47 50
2 47 51
2 47 56
2 5 12
2 5 13
2 5 19
2 5 21
2 50 53
2 51 56
2 51 58
2 56 58
2 7 13
2 7 15
2 7 16
2 7 21
2 7 23
2 7 26
2 7 30
2 7 39
2 7 44
2 7 51
2 8 12
2 8 13
2 8 21
2 8 34
2 8 37
2 9 51
2 9 56
2 9 58
3 10 11
3 12 13
3 18 46
3 23 46
3 23 49
3 23 52
3 26 27
3 26 28
3 26 30
3 26 33
3 26 36
3 28 33
3 30 36
3 38 54
3 39 55
3 4 6
3 46 48
3 46 49
3 49 52
3 6 14
3 8 37
4 10 15
4 12 13
4 12 25
4 15 16
4 15 34
4 15 39
4 17 23
4 17 46
4 17 50
4 17 52
4 19 23
4 19 25
4 19 28
4 19 36
4 20 23
4 20 40
4 20 42
4 20 45
4 23 25
4 23 31
4 23 35
4 23 46
4 23 47
4 23 48
4 23 49
4 23 50
4 23 52
4 23 56
4 24 25
4 24 31
4 24 33
4 24 35
4 25 31
4 25 35
4 25 46
4 25 56
4 28 32
4 28 33
4 28 36
4 29 31
4 29 35
4 30 33
4 31 33
4 31 34
4 31 35
4 31 37
4 32 33
4 33 34
4 33 35
4 34 35
4 34 36
4 34 45
4 34 50
4 35 58
4 37 38
4 37 39
4 37 43
4 37 45
4 39 43
4 39 55
4 4 14
4 4 6
4 40 41
4 40 42
4 40 45
4 41 42
4 41 45
4 42 45
4 44 51
4 46 47
4 46 48
4 46 50
4 46 51
4 47 48
4 47 50
4 48 52
4 5 13
4 5 20
4 5 23
4 50 52
4 55 61
4 6 14
4 8 11
4 8 37
4 8 40
4 8 42
4 8 45
4 9 25
5 10 11
5 10 14
5 10 15
5 10 16
5 11 13
5 11 15
5 11 16
5 11 18
5 11 21
5 11 26
5 11 34
5 11 46
5 11 60
5 12 13
5 12 20
5 13 18
5 13 20
5 13 22
5 13 26
5 13 40
5 13 45
5 13 46
5 15 34
5 17 23
5 17 46
5 17 51
5 18 21
5 18 44
5 18 51
5 19 26
5 19 44
5 2 11
5 2 12
5 2 18
5 2 21
5 2 37
5 2 40
5 2 41
5 2 5
5 2 51
5 2 7
5 2 8
5 20 40
5 20 42
5 20 45
5 21 40
5 21 41
5 21 44
5 21 46
5 21 51
5 21 57
5 21 58
5 21 60
5 23 46
5 23 47
5 23 48
5 23 49
5 23 50
5 23 51
5 23 52
5 24 26
5 24 31
5 24 32
5 25 46
5 25 51
5 25 56
5 26 27
5 26 28
5 26 30
5 26 31
5 26 32
5 26 33
5 26 34
5 26 36
5 26 37
5 26 44
5 27 36
5 27 44
5 28 32
5 29 35
5 3 11
5 3 21
5 3 44
5 3 46
5 3 51
5 3 57
5 3 6
5 3 7
5 3 9
5 30 32
5 30 36
5 31 34
5 31 35
5 31 38
5 31 41
5 31 44
5 32 33
5 33 44
5 34 36
5 34 44
5 34 46
5 35 44
5 36 44
5 37 40
5 37 41
5 37 42
5 37 45
5 38 44
5 38 54
5 38 59
5 39 44
5 39 55
5 4 11
5 4 14
5 4 6
5 4 7
5 40 41
5 40 42
5 40 45
5 41 42
5 41 45
5 42 45
5 43 51
5 44 51
5 44 53
5 44 54
5 44 55
5 44 57
5 44 59
5 44 61
5 46 47
5 46 48
5 46 49
5 46 51
5 46 52
5 47 48
5 47 51
5 48 51
5 5 12
5 5 13
5 5 20
5 5 21
5 5 22
5 50 51
5 50 52
5 51 52
5 51 56
5 51 57
5 51 58
5 53 55
5 54 56
5 55 61
5 6 11
5 6 14
5 6 18
5 6 21
5 6 35
5 6 51
5 6 7
5 7 10
5 7 11
5 7 15
5 7 16
5 7 18
5 7 19
5 7 20
5 7 21
5 7 26
5 7 28
5 7 29
5 7 30
5 7 31
5 7 32
5 7 33
5 7 34
5 7 35
5 7 36
5 7 39
5 7 44
5 7 46
5 7 51
5 7 57
5 8 11
5 8 13
5 8 19
5 8 21
5 8 26
5 8 34
5 8 37
5 8 40
5 8 41
5 8 42
5 8 45
5 9 51
