63 348 348
4 1 2
13 3 4
13 4 5
13 4 6
13 6 7
17 8 9
17 8 10
17 11 9
17 12 13
17 12 9
17 14 9
17 15 9
17 16 9
17 9 10
21 17 18
21 19 18
22 20 18
22 18 2
25 21 22
25 8 23
27 24 21
27 25 14
27 26 27
27 22 28
27 15 29
30 1 30
30 27 24
37 31 32
37 8 32
37 32 25
37 32 17
37 32 33
37 32 34
37 32 14
37 32 35
37 32 36
37 32 10
37 32 37
38 38 39
38 38 40
38 41 42
38 43 44
38 43 40
38 45 46
38 45 47
38 45 48
38 45 44
38 45 40
38 45 49
38 45 50
38 51 40
38 42 52
38 42 53
38 54 40
38 55 56
38 55 57
38 58 47
38 58 40
38 46 59
38 46 40
38 56 60
38 56 61
38 56 62
38 56 63
38 56 40
38 60 57
38 59 64
38 47 65
38 48 66
38 64 49
38 44 40
38 44 67
38 68 40
38 40 65
38 40 49
38 40 53
38 40 67
38 69 49
42 70 7
42 3 7
42 33 7
42 5 7
42 71 7
42 72 7
42 7 73
42 7 74
42 7 52
45 56 75
45 76 75
45 77 75
45 64 75
51 78 79
51 16 80
51 9 80
55 81 82
55 26 82
55 82 34
55 82 27
55 82 30
59 83 84
59 85 86
59 85 87
59 85 88
59 85 89
59 85 90
59 85 8
59 85 91
59 85 1
59 85 11
59 85 92
59 85 93
59 85 26
59 85 17
59 85 94
59 85 95
59 85 96
59 85 34
59 85 97
59 85 27
59 85 98
59 85 28
59 85 99
59 85 75
59 85 30
59 85 2
59 88 94
59 88 98
59 90 98
59 8 33
59 8 14
59 92 46
59 93 84
59 100 84
59 101 99
59 99 102
63 51 103
63 54 103
63 58 74
63 103 39
63 103 64
63 103 104
63 39 74
63 64 105
63 106 74
63 74 107
63 105 104
67 108 109
67 3 109
67 3 110
67 3 111
67 3 112
67 113 72
67 113 112
67 109 110
67 109 112
67 114 72
67 114 112
67 111 115
67 111 112
67 72 112
72 116 117
72 118 117
72 81 117
72 119 117
72 21 117
72 89 117
72 120 117
72 91 117
72 121 117
72 122 117
72 123 117
72 124 117
72 125 117
72 126 117
72 127 117
72 92 117
72 26 117
72 22 117
72 128 117
72 129 117
72 130 117
72 19 117
72 131 117
72 34 117
72 132 117
72 133 117
72 134 117
72 27 117
72 135 117
72 136 117
72 28 117
72 137 117
72 138 117
72 139 117
72 140 117
72 30 117
72 141 117
72 142 117
72 117 143
72 117 144
72 117 145
72 117 146
72 117 147
72 117 148
72 117 149
72 117 150
75 85 21
75 81 21
75 24 21
75 21 89
75 21 151
75 21 8
75 21 91
75 21 1
75 21 126
75 21 92
75 21 26
75 21 22
75 21 17
75 21 152
75 21 96
75 21 34
75 21 133
75 21 134
75 21 27
75 21 153
75 21 154
75 21 136
75 21 28
75 21 137
75 21 35
75 21 139
75 21 140
75 21 30
75 21 141
75 8 14
77 155 69
77 156 69
77 157 75
77 158 49
77 38 159
77 38 76
77 38 39
77 38 64
77 38 40
77 160 159
77 160 161
77 160 40
77 162 42
77 162 159
77 162 66
77 43 163
77 43 39
77 43 64
77 43 40
77 45 64
77 45 164
77 45 165
77 45 49
77 166 40
77 166 49
77 42 106
77 42 161
77 42 40
77 167 168
77 167 107
77 167 69
77 169 170
77 171 159
77 171 163
77 171 40
77 171 69
77 171 49
77 172 173
77 172 48
77 172 73
77 174 170
77 174 40
77 174 175
77 174 49
77 174 50
77 54 173
77 54 39
77 54 176
77 54 170
77 54 64
77 54 164
77 54 177
77 54 178
77 54 67
77 159 179
77 159 180
77 159 163
77 159 48
77 159 181
77 159 182
77 159 106
77 159 161
77 159 40
77 159 104
77 159 183
77 159 184
77 58 64
77 58 73
77 58 175
77 58 49
77 46 164
77 46 40
77 179 75
77 180 66
77 185 69
77 185 49
77 56 161
77 186 69
77 163 39
77 163 107
77 163 104
77 187 107
77 187 49
77 168 107
77 188 69
77 76 173
77 76 64
77 76 104
77 76 175
77 47 64
77 47 49
77 173 64
77 189 69
77 190 69
77 39 191
77 39 64
77 39 192
77 39 104
77 39 177
77 39 178
77 107 191
77 107 104
77 107 49
77 176 40
77 170 40
77 64 193
77 64 49
77 194 40
77 194 50
77 75 65
77 75 195
77 36 195
77 182 49
77 196 40
77 66 161
77 66 184
77 106 73
77 106 49
77 164 193
77 164 197
77 44 193
77 73 40
77 73 175
77 198 69
77 199 49
77 165 104
77 165 52
77 40 200
77 40 104
77 40 193
77 40 49
77 40 53
77 104 193
77 69 201
77 65 49
77 183 49
77 49 177
77 50 67
78 202 17
78 203 204
78 205 203
79 206 4
79 207 108
79 207 4
79 207 208
79 207 114
79 207 112
79 207 209
79 210 4
79 4 211
79 4 212
84 116 213
84 214 213
84 215 213
84 216 213
84 217 213
84 8 213
84 92 213
84 17 213
84 218 213
84 219 213
84 220 213
84 23 213
84 96 213
84 221 213
84 14 213
84 154 213
84 222 213
84 223 213
84 72 213
84 224 221
84 224 213
84 75 213
84 117 213
84 225 213
84 213 2
84 213 226
84 213 149
84 213 227
88 228 122
88 215 17
88 24 122
88 24 126
88 24 28
88 24 148
88 21 122
88 21 229
88 120 229
88 91 122
88 91 126
88 91 22
88 91 229
88 91 136
88 91 230
88 91 148
88 122 126
88 122 26
88 122 22
88 122 17
88 122 27
88 122 28
88 122 117
88 122 145
88 122 148
88 125 136
88 126 17
88 126 28
88 126 117
88 126 145
88 126 148
88 22 21
88 22 229
88 17 229
88 17 131
88 17 231
88 17 230
88 17 148
88 17 232
88 229 24
88 229 27
88 14 136
88 136 148
88 136 232
88 28 229
88 28 148
88 117 148
88 10 232
88 145 148
91 22 220
91 17 220
91 233 220
91 220 19
91 220 96
91 220 234
91 220 142
91 220 235
91 220 18
91 220 236
91 220 2
91 220 69
94 158 38
94 158 75
94 158 106
94 11 43
94 11 51
94 11 54
94 11 159
94 11 46
94 11 237
94 11 44
94 38 54
94 38 44
94 160 159
94 160 106
94 162 159
94 43 54
94 45 171
94 45 54
94 45 44
94 51 237
94 51 44
94 171 75
94 238 193
94 172 44
94 172 239
94 54 59
94 54 76
94 54 47
94 54 39
94 54 77
94 54 170
94 54 48
94 54 106
94 54 165
94 54 65
94 54 183
94 54 193
94 54 49
94 54 50
94 54 67
94 159 46
94 159 179
94 159 180
94 159 56
94 159 39
94 159 75
94 159 106
94 159 44
94 159 161
94 159 69
94 159 65
94 159 183
94 159 184
94 58 106
94 58 49
94 58 50
94 46 240
94 46 47
94 46 77
94 46 237
94 46 63
94 46 44
94 46 241
94 46 49
94 46 239
94 46 67
94 179 56
94 56 106
94 240 237
94 59 194
94 62 75
94 242 69
94 76 44
94 76 165
94 47 237
94 39 44
94 39 243
94 77 104
94 77 49
94 77 50
94 107 64
94 237 48
94 237 75
94 237 193
94 237 49
94 170 66
94 48 49
94 64 44
94 66 193
94 106 44
94 106 49
94 44 40
94 44 193
94 44 49
94 165 49
94 40 45
94 200 49
94 200 50
95 244 245
95 207 246
95 247 3
95 247 248
95 3 208
95 3 246
95 3 245
95 249 245
95 208 245
95 250 245
98 8 251
98 251 14
98 251 75
98 251 66
102 8 15
102 8 16
102 252 15
102 252 16
102 253 16
102 15 16
102 15 29
102 16 29
104 254 255
104 254 256
104 254 257
104 254 258
104 254 259
106 8 127
106 8 260
106 8 261
106 262 261
106 262 10
106 127 261
106 92 261
106 263 8
106 263 261
106 260 261
111 264 265
111 158 265
111 11 265
111 162 265
111 266 265
111 43 267
111 43 47
111 43 265
111 43 106
111 45 265
111 51 265
111 51 106
111 268 265
111 166 265
111 171 265
111 269 265
111 267 265
111 267 49
111 54 270
111 159 265
111 179 265
111 180 265
111 56 60
111 56 265
111 271 265
111 272 265
111 47 106
111 39 265
111 39 49
111 270 265
111 273 265
111 265 274
111 265 275
111 265 194
111 265 181
111 265 44
111 265 68
111 265 161
111 265 65
111 265 183
111 265 241
111 265 184
111 265 50
111 106 49
117 116 149
117 214 220
117 24 28
117 21 22
117 8 14
117 8 29
117 23 7
117 34 30
117 66 73
119 21 22
119 17 28
119 78 79
119 34 30
119 276 78
123 81 89
123 24 89
123 89 151
123 89 1
123 89 26
123 89 22
123 89 17
123 89 143
123 89 96
123 89 34
123 89 27
123 89 153
123 89 137
123 89 30
123 51 277
123 75 277
124 11 172
124 11 59
124 11 50
124 38 172
124 38 46
124 38 56
124 38 163
124 38 107
124 38 69
124 38 50
124 38 243
124 160 46
124 160 48
124 160 73
124 43 45
124 43 172
124 43 46
124 43 76
124 43 77
124 43 237
124 43 278
124 43 193
124 43 49
124 43 50
124 43 243
124 45 51
124 45 172
124 45 159
124 45 46
124 45 59
124 45 39
124 45 48
124 45 75
124 45 165
124 45 74
124 45 104
124 45 69
124 45 49
124 45 50
124 51 172
124 51 46
124 51 76
124 51 69
124 51 193
124 51 50
124 42 46
124 42 56
124 42 76
124 42 170
124 42 48
124 42 73
124 42 165
124 172 54
124 172 46
124 172 56
124 172 103
124 172 76
124 172 47
124 172 39
124 172 77
124 172 279
124 172 71
124 172 48
124 172 64
124 172 75
124 172 196
124 172 10
124 172 44
124 172 68
124 172 73
124 172 165
124 172 74
124 172 105
124 172 193
124 172 49
124 172 50
124 54 46
124 54 50
124 159 165
124 58 104
124 58 50
124 46 56
124 46 59
124 46 47
124 46 39
124 46 237
124 46 71
124 46 64
124 46 66
124 46 106
124 46 44
124 46 68
124 46 73
124 46 165
124 46 74
124 46 40
124 46 104
124 46 193
124 46 49
124 46 50
124 33 50
124 56 48
124 56 73
124 56 165
124 271 59
124 271 75
124 271 50
124 23 50
124 163 193
124 163 49
124 59 76
124 59 71
124 59 48
124 59 75
124 59 196
124 59 68
124 59 193
124 103 50
124 76 47
124 76 75
124 76 73
124 76 49
124 76 50
124 47 193
124 47 50
124 14 50
124 39 50
124 77 50
124 107 193
124 107 49
124 71 50
124 170 50
124 48 66
124 48 50
124 64 68
124 64 50
124 75 280
124 75 50
124 196 50
124 66 73
124 66 165
124 66 50
124 10 50
124 44 50
124 68 40
124 68 50
124 73 50
124 165 69
124 165 193
124 165 50
124 74 50
124 105 50
124 40 193
124 40 49
124 40 50
124 69 193
124 69 49
124 193 49
124 193 50
124 280 50
124 281 49
124 281 50
124 49 50
124 49 243
124 50 67
128 120 136
128 14 10
129 207 5
129 3 5
129 33 5
129 23 5
129 5 248
129 5 282
129 5 283
129 5 74
130 284 285
134 25 286
134 287 288
134 287 289
134 290 291
134 290 288
134 289 290
135 25 292
138 11 106
138 43 64
138 43 106
138 45 106
138 45 44
138 51 106
138 42 293
138 172 48
138 54 175
138 46 106
138 47 106
138 77 49
138 170 106
138 48 106
138 196 106
138 66 106
138 293 106
138 293 73
138 106 68
138 106 175
138 106 49
139 3 283
139 4 294
139 4 295
139 294 5
139 294 296
139 294 283
139 5 283
139 114 283
139 295 283
139 111 283
139 283 4
139 283 297
139 283 298
140 8 71
140 43 71
140 45 71
140 51 71
140 252 71
140 58 71
140 46 71
140 23 71
140 103 71
140 5 71
140 71 35
140 71 170
140 71 48
140 71 64
140 71 72
140 71 75
140 71 36
140 71 196
140 71 66
140 71 74
140 71 104
140 71 175
140 71 193
140 71 50
141 24 10
141 75 48
141 75 36
142 299 3
142 299 282
142 300 282
142 282 301
150 302 303
150 302 304
150 302 305
150 302 233
150 302 142
150 302 306
150 302 307
150 303 308
150 303 309
150 303 305
150 303 233
150 303 310
150 303 311
150 303 312
150 303 96
150 303 313
150 303 142
150 303 306
150 116 142
150 308 142
150 304 305
150 304 142
150 304 306
150 314 142
150 89 142
150 315 233
150 315 142
150 20 142
150 309 142
150 316 142
150 17 142
150 143 233
150 305 233
150 305 311
150 305 312
150 305 142
150 317 142
150 233 142
150 310 142
150 318 142
150 311 142
150 312 142
150 19 142
150 319 142
150 320 142
150 142 18
150 142 2
150 142 306
150 142 307
150 142 321
154 322 323
154 322 33
154 322 324
154 322 14
154 322 10
154 322 74
156 91 277
156 325 326
156 325 277
156 327 328
156 327 277
156 329 277
156 326 277
156 328 277
157 202 330
157 17 331
157 331 330
157 331 146
157 330 146
161 118 22
161 81 22
161 215 22
161 24 22
161 21 22
161 89 22
161 151 22
161 8 22
161 8 252
161 120 22
161 91 22
161 1 22
161 11 22
161 122 22
161 262 22
161 25 22
161 43 22
161 125 22
161 126 22
161 127 22
161 92 22
161 26 22
161 22 17
161 22 143
161 22 128
161 22 233
161 22 129
161 22 220
161 22 82
161 22 33
161 22 332
161 22 23
161 22 19
161 22 152
161 22 96
161 22 34
161 22 133
161 22 5
161 22 134
161 22 14
161 22 27
161 22 154
161 22 135
161 22 136
161 22 28
161 22 137
161 22 333
161 22 277
161 22 35
161 22 139
161 22 72
161 22 75
161 22 140
161 22 36
161 22 9
161 22 30
161 22 141
161 22 29
161 22 10
161 22 146
161 22 148
161 287 10
161 220 18
161 80 14
161 15 29
165 228 24
165 24 334
165 335 334
165 335 336
165 335 337
170 1 338
170 122 338
170 123 338
170 127 338
170 22 338
170 34 338
170 134 338
170 154 338
170 140 338
173 11 73
173 11 165
173 11 280
173 11 53
173 38 43
173 38 77
173 38 107
173 38 191
173 38 44
173 38 73
173 38 165
173 38 50
173 160 73
173 160 165
173 160 52
173 43 45
173 43 76
173 43 48
173 43 73
173 43 165
173 43 193
173 43 50
173 45 172
173 45 54
173 45 58
173 45 165
173 45 50
173 51 339
173 51 77
173 51 73
173 51 165
173 42 56
173 42 73
173 42 53
173 171 58
173 171 76
173 171 104
173 172 54
173 172 58
173 172 76
173 172 273
173 172 48
173 172 165
173 54 170
173 54 73
173 54 193
173 159 165
173 159 40
173 58 73
173 58 50
173 46 77
173 46 73
173 46 165
173 46 50
173 46 53
173 56 73
173 56 165
173 340 165
173 23 73
173 23 165
173 163 75
173 163 165
173 163 104
173 163 69
173 163 193
173 163 243
173 339 50
173 341 75
173 341 50
173 342 73
173 342 50
173 343 73
173 272 50
173 242 69
173 76 39
173 76 196
173 76 44
173 76 73
173 76 165
173 76 49
173 76 50
173 5 73
173 5 165
173 47 39
173 47 48
173 47 165
173 47 50
173 39 165
173 39 193
173 39 49
173 39 50
173 77 50
173 107 165
173 107 104
173 107 69
173 176 50
173 273 165
173 170 73
173 48 73
173 48 104
173 48 50
173 48 53
173 64 193
173 64 67
173 72 73
173 75 73
173 75 165
173 75 52
173 75 53
173 36 73
173 344 165
173 196 73
173 196 165
173 196 53
173 66 73
173 66 165
173 66 52
173 44 165
173 44 50
173 68 73
173 68 165
173 68 175
173 68 53
173 73 74
173 73 40
173 73 104
173 73 175
173 73 193
173 73 280
173 73 49
173 73 50
173 165 74
173 165 104
173 165 69
173 165 52
173 165 175
173 165 193
173 165 280
173 165 49
173 165 50
173 165 53
173 74 53
173 104 69
173 175 67
173 193 50
173 193 53
173 280 50
173 49 243
173 50 67
174 117 24
177 85 1
177 8 10
179 11 69
181 214 215
181 214 92
181 214 17
181 214 96
190 89 345
190 17 345
190 345 19
190 345 96
190 345 2
197 8 136
198 24 10
198 346 347
203 19 139
205 81 28
205 24 28
205 21 28
205 89 28
205 8 28
205 120 28
205 91 28
205 1 28
205 122 28
205 123 28
205 125 28
205 126 28
205 92 28
205 26 28
205 22 28
205 17 28
205 17 145
205 332 28
205 19 28
205 152 28
205 131 28
205 34 28
205 133 28
205 348 28
205 134 28
205 14 28
205 27 28
205 154 28
205 231 28
205 136 28
205 28 277
205 28 30
205 28 145
205 28 148
