213 795 795
1 1 2
1 1 3
1 4 2
1 4 3
1 5 3
1 2 6
1 2 7
1 2 8
1 2 9
1 2 10
1 2 11
1 2 12
1 2 13
1 2 3
1 2 14
1 2 15
1 2 16
1 2 17
1 2 18
1 2 19
1 6 8
1 6 11
1 6 3
1 7 10
1 7 12
1 7 20
1 7 21
1 22 3
1 23 3
1 24 3
1 25 3
1 8 11
1 8 3
1 8 19
1 9 11
1 9 3
1 11 3
1 26 19
1 12 3
1 27 3
1 28 3
1 13 3
1 29 3
1 3 14
1 3 15
1 3 20
1 3 30
1 3 21
1 3 17
1 3 18
1 3 31
1 3 32
1 3 33
1 3 34
1 3 19
1 20 2
2 35 21
2 36 21
2 37 21
2 38 21
2 10 21
2 39 21
2 40 3
2 40 41
2 27 21
2 3 21
2 42 21
2 43 21
2 44 21
2 45 21
2 46 45
2 47 21
2 48 21
2 21 46
2 21 49
2 21 41
3 50 51
3 36 52
3 36 53
3 54 43
3 55 56
3 55 52
3 55 53
3 55 57
3 55 38
3 55 58
3 55 59
3 55 60
3 56 61
3 56 62
3 56 63
3 64 57
3 52 65
3 52 66
3 52 67
3 52 38
3 52 39
3 52 68
3 52 69
3 52 59
3 52 70
3 52 71
3 52 42
3 52 61
3 52 43
3 52 72
3 52 73
3 52 74
3 52 75
3 52 76
3 52 62
3 52 77
3 52 63
3 52 78
3 52 60
3 52 79
3 52 80
3 52 51
3 52 81
3 52 82
3 52 83
3 65 53
3 65 84
3 65 79
3 65 81
3 53 85
3 53 37
3 53 57
3 53 86
3 53 38
3 53 10
3 53 39
3 53 87
3 53 68
3 53 88
3 53 89
3 53 90
3 53 91
3 53 69
3 53 59
3 53 92
3 53 93
3 53 94
3 53 70
3 53 95
3 53 71
3 53 96
3 53 61
3 53 43
3 53 72
3 53 73
3 53 97
3 53 98
3 53 74
3 53 75
3 53 76
3 53 99
3 53 62
3 53 77
3 53 63
3 53 78
3 53 60
3 53 79
3 53 80
3 53 100
3 53 101
3 53 102
3 53 51
3 53 81
3 53 82
3 53 103
3 53 83
3 53 104
3 66 58
3 66 81
3 66 105
3 67 62
3 67 103
3 85 98
3 84 69
3 37 42
3 37 105
3 38 51
3 10 70
3 10 83
3 58 42
3 58 61
3 58 74
3 58 62
3 58 78
3 58 79
3 58 80
3 58 51
3 58 103
3 68 106
3 88 81
3 107 94
3 89 59
3 90 73
3 108 93
3 108 80
3 109 60
3 69 59
3 69 42
3 59 93
3 59 95
3 59 42
3 59 61
3 59 62
3 59 41
3 59 101
3 59 51
3 59 81
3 59 103
3 92 81
3 93 94
3 93 75
3 93 79
3 93 103
3 106 75
3 70 110
3 71 82
3 111 51
3 110 61
3 110 75
3 110 82
3 61 75
3 43 48
3 43 80
3 112 80
3 72 101
3 72 113
3 98 78
3 74 114
3 75 62
3 75 78
3 75 79
3 75 115
3 76 101
3 62 51
3 60 51
3 116 51
3 51 82
3 51 115
3 51 113
4 117 118
5 35 119
5 35 27
5 120 121
5 120 119
5 121 119
5 121 122
5 123 119
5 119 124
5 119 125
5 119 126
5 119 27
5 119 122
5 119 127
5 119 128
5 119 129
5 124 130
5 130 119
5 127 128
6 131 132
6 124 132
6 132 133
6 132 60
7 134 135
7 136 135
7 124 135
7 137 135
8 1 2
8 1 6
8 1 3
8 138 3
8 35 2
8 35 7
8 35 3
8 139 3
8 4 2
8 4 8
8 4 3
8 36 3
8 5 3
8 2 6
8 2 7
8 2 24
8 2 25
8 2 8
8 2 9
8 2 10
8 2 87
8 2 11
8 2 27
8 2 13
8 2 3
8 2 14
8 2 15
8 2 16
8 2 20
8 2 140
8 2 21
8 2 17
8 2 18
8 2 33
8 2 19
8 54 3
8 6 8
8 6 11
8 6 3
8 6 19
8 7 10
8 7 141
8 7 21
8 142 3
8 24 3
8 25 8
8 25 3
8 8 11
8 8 12
8 8 3
8 8 20
8 8 19
8 9 11
8 9 3
8 143 3
8 10 11
8 10 3
8 87 3
8 11 3
8 11 20
8 11 21
8 11 18
8 40 3
8 12 3
8 27 3
8 28 3
8 13 3
8 141 3
8 3 14
8 3 15
8 3 16
8 3 72
8 3 20
8 3 140
8 3 73
8 3 46
8 3 30
8 3 48
8 3 21
8 3 144
8 3 18
8 3 31
8 3 41
8 3 32
8 3 33
8 3 145
8 3 34
8 3 81
8 3 19
8 146 19
9 147 148
9 147 149
9 147 120
9 147 136
9 147 150
9 147 151
9 147 152
9 147 153
9 147 154
9 155 149
9 155 120
9 155 136
9 155 151
9 155 156
9 157 149
9 157 136
9 35 120
9 35 136
9 148 149
9 148 120
9 148 158
9 148 136
9 148 159
9 148 150
9 148 151
9 148 152
9 148 160
9 148 153
9 148 161
9 148 154
9 148 162
9 149 120
9 149 163
9 149 158
9 149 136
9 149 124
9 149 150
9 149 151
9 149 164
9 149 165
9 149 152
9 149 160
9 149 153
9 149 122
9 149 161
9 149 166
9 149 162
9 120 136
9 120 167
9 120 159
9 120 151
9 120 168
9 120 169
9 120 152
9 120 153
9 120 161
9 120 170
9 120 171
9 163 136
9 163 153
9 158 136
9 158 124
9 158 151
9 158 162
9 136 124
9 136 159
9 136 150
9 136 151
9 136 164
9 136 172
9 136 126
9 136 160
9 136 153
9 136 161
9 136 170
9 136 154
9 136 171
9 136 166
9 124 151
9 124 153
9 124 162
9 159 168
9 159 169
9 151 152
9 151 153
9 151 154
9 151 171
9 151 156
9 164 161
9 164 171
9 168 169
9 172 166
9 160 170
9 153 154
9 153 21
9 153 162
9 153 156
9 161 154
10 173 174
10 173 118
11 175 47
11 175 176
11 177 178
11 177 47
11 178 179
11 178 47
11 179 177
11 179 47
11 47 176
12 35 87
12 35 140
12 2 87
12 180 181
12 181 182
12 181 40
12 181 140
12 183 87
12 182 40
12 182 184
12 10 87
12 10 140
12 87 40
12 87 3
12 87 184
12 87 99
13 183 185
13 185 40
13 185 186
13 186 140
14 131 132
14 136 132
14 124 132
14 132 187
14 132 188
14 132 133
14 132 189
14 132 60
15 35 87
15 52 39
15 190 87
15 39 87
16 191 51
16 55 58
16 55 59
16 55 98
16 52 59
16 52 70
16 52 103
16 65 84
16 65 59
16 53 59
16 53 192
16 53 63
16 193 59
16 67 80
16 194 89
16 194 59
16 37 59
16 57 78
16 86 59
16 89 59
16 89 70
16 59 93
16 59 94
16 59 70
16 59 95
16 59 43
16 59 74
16 59 195
16 59 75
16 59 192
16 59 62
16 59 78
16 59 80
16 59 51
16 59 83
16 93 61
16 94 60
16 95 72
16 61 80
16 61 83
16 43 81
16 74 196
16 99 80
17 35 47
17 35 21
17 36 47
17 197 178
17 197 47
17 27 47
17 45 47
17 46 47
17 47 21
18 198 133
18 199 133
18 200 133
18 201 133
18 202 133
18 203 133
18 204 133
18 205 133
18 133 206
18 133 207
18 133 208
19 35 73
19 36 209
19 36 74
19 210 59
19 210 209
19 56 73
19 52 211
19 52 73
19 52 209
19 52 98
19 52 74
19 65 209
19 53 209
19 53 74
19 67 212
19 67 73
19 84 209
19 37 209
19 57 74
19 38 98
19 213 59
19 213 209
19 10 73
19 10 74
19 58 73
19 68 209
19 68 60
19 214 59
19 214 209
19 108 209
19 59 209
19 59 74
19 93 209
19 106 73
19 94 73
19 211 98
19 141 73
19 110 209
19 42 98
19 42 81
19 61 98
19 43 73
19 112 98
19 112 81
19 72 209
19 73 37
19 73 59
19 73 93
19 73 110
19 73 98
19 73 75
19 73 81
19 209 94
19 209 43
19 209 74
19 209 49
19 209 75
19 209 76
19 209 99
19 209 51
19 209 81
19 209 105
19 98 74
19 98 51
19 74 75
19 74 76
19 74 81
19 75 63
20 215 120
20 215 159
20 147 216
20 147 148
20 147 149
20 147 136
20 147 164
20 217 136
20 134 149
20 134 218
20 134 158
20 134 136
20 134 151
20 134 153
20 134 162
20 219 149
20 155 148
20 155 149
20 155 120
20 157 149
20 157 136
20 220 149
20 216 149
20 216 136
20 216 151
20 216 160
20 216 171
20 221 149
20 35 149
20 35 120
20 35 136
20 148 149
20 148 120
20 148 163
20 148 158
20 148 136
20 148 150
20 148 151
20 148 222
20 148 27
20 148 153
20 148 154
20 148 162
20 148 156
20 149 218
20 149 120
20 149 163
20 149 223
20 149 158
20 149 119
20 149 136
20 149 224
20 149 225
20 149 226
20 149 124
20 149 150
20 149 10
20 149 151
20 149 164
20 149 165
20 149 222
20 149 227
20 149 152
20 149 228
20 149 130
20 149 126
20 149 27
20 149 229
20 149 160
20 149 153
20 149 122
20 149 161
20 149 230
20 149 154
20 149 231
20 149 171
20 149 232
20 149 21
20 149 162
20 149 233
20 149 156
20 120 119
20 120 136
20 120 234
20 120 159
20 120 169
20 120 235
20 120 236
20 120 237
20 120 238
20 120 239
20 120 160
20 120 153
20 120 170
20 120 171
20 120 240
20 120 156
20 163 153
20 223 153
20 158 226
20 158 151
20 158 153
20 158 122
20 158 189
20 119 136
20 241 136
20 136 225
20 136 226
20 136 124
20 136 159
20 136 242
20 136 243
20 136 10
20 136 151
20 136 164
20 136 235
20 136 165
20 136 172
20 136 244
20 136 236
20 136 152
20 136 228
20 136 126
20 136 27
20 136 160
20 136 153
20 136 170
20 136 154
20 136 171
20 136 21
20 136 166
20 136 233
20 136 240
20 167 159
20 224 245
20 225 162
20 124 222
20 159 168
20 159 169
20 159 237
20 159 239
20 243 240
20 151 27
20 151 153
20 151 161
20 151 154
20 151 246
20 151 171
20 151 247
20 151 248
20 164 152
20 164 160
20 164 154
20 164 171
20 165 152
20 172 166
20 249 153
20 227 164
20 238 153
20 27 153
20 160 170
20 153 154
20 153 21
20 153 162
20 153 250
20 153 156
20 122 162
20 245 149
20 247 149
21 124 251
21 188 251
22 252 251
22 251 118
23 134 223
23 134 122
23 134 253
23 219 226
23 35 230
23 254 230
23 183 230
23 143 230
23 10 230
23 87 230
23 255 230
23 256 230
23 27 230
23 184 230
23 230 140
23 230 48
23 230 21
23 230 41
24 134 219
24 134 39
24 134 72
24 134 21
24 35 190
24 39 35
24 257 258
24 184 72
25 219 226
25 35 87
26 55 97
26 55 41
26 65 256
26 65 41
26 84 97
26 143 97
26 38 256
26 38 97
26 10 97
26 259 256
26 87 256
26 256 81
26 260 97
26 260 77
26 141 97
26 261 97
26 261 77
26 42 97
26 42 41
26 61 41
26 97 48
26 97 80
26 98 41
26 41 81
26 41 262
26 77 263
26 77 79
27 134 219
27 54 27
27 225 229
27 226 122
27 45 48
28 264 149
28 264 136
28 265 243
28 215 120
28 215 168
28 147 149
28 147 136
28 147 151
28 147 229
28 217 136
28 217 189
28 134 149
28 134 136
28 219 134
28 155 149
28 155 120
28 155 136
28 155 238
28 157 136
28 216 149
28 216 136
28 35 149
28 35 136
28 35 21
28 148 149
28 148 120
28 148 158
28 148 136
28 148 150
28 148 151
28 148 153
28 148 96
28 148 162
28 149 117
28 149 120
28 149 163
28 149 223
28 149 158
28 149 136
28 149 124
28 149 150
28 149 151
28 149 164
28 149 133
28 149 222
28 149 227
28 149 152
28 149 228
28 149 130
28 149 266
28 149 160
28 149 153
28 149 122
28 149 161
28 149 231
28 149 171
28 149 232
28 149 21
28 149 162
28 149 233
28 149 240
28 218 163
28 218 158
28 218 124
28 218 130
28 218 232
28 218 189
28 120 119
28 120 136
28 120 167
28 120 234
28 120 159
28 120 197
28 120 151
28 120 168
28 120 169
28 120 235
28 120 236
28 120 237
28 120 238
28 120 267
28 120 126
28 120 153
28 120 47
28 120 21
28 223 136
28 223 153
28 158 136
28 158 153
28 158 189
28 158 162
28 119 136
28 241 136
28 136 219
28 136 225
28 136 124
28 136 159
28 136 197
28 136 10
28 136 151
28 136 164
28 136 133
28 136 235
28 136 165
28 136 268
28 136 172
28 136 244
28 136 236
28 136 227
28 136 152
28 136 228
28 136 130
28 136 269
28 136 135
28 136 267
28 136 126
28 136 160
28 136 270
28 136 153
28 136 122
28 136 161
28 136 230
28 136 170
28 136 154
28 136 73
28 136 232
28 136 21
28 136 271
28 136 166
28 136 233
28 136 240
28 136 156
28 167 234
28 124 150
28 124 151
28 124 153
28 159 168
28 159 237
28 197 47
28 197 240
28 150 229
28 150 153
28 150 154
28 243 240
28 10 87
28 10 40
28 10 21
28 151 130
28 151 153
28 151 122
28 151 154
28 151 247
28 151 248
28 151 156
28 87 21
28 168 237
28 172 244
28 172 166
28 244 166
28 249 153
28 236 170
28 238 153
28 267 268
28 126 240
28 27 21
28 160 189
28 153 122
28 153 154
28 153 21
28 153 162
28 96 162
28 161 171
28 230 21
28 171 136
28 171 156
28 232 162
28 189 162
28 240 265
28 156 149
29 272 27
29 273 27
29 138 36
29 138 54
29 138 7
29 138 10
29 138 274
29 138 275
29 138 27
29 138 276
29 138 44
29 138 277
29 138 21
29 138 76
29 138 41
29 138 278
29 148 27
29 279 27
29 280 27
29 281 275
29 281 27
29 139 27
29 36 27
29 120 27
29 54 27
29 223 27
29 190 27
29 158 27
29 7 27
29 282 27
29 283 27
29 284 27
29 143 27
29 285 27
29 10 27
29 10 44
29 39 27
29 274 275
29 274 27
29 274 276
29 274 44
29 274 286
29 287 27
29 288 27
29 289 27
29 275 27
29 275 276
29 275 44
29 275 286
29 275 21
29 59 27
29 27 106
29 27 290
29 27 291
29 27 292
29 27 153
29 27 293
29 27 141
29 27 276
29 27 43
29 27 294
29 27 44
29 27 295
29 27 296
29 27 45
29 27 46
29 27 47
29 27 286
29 27 277
29 27 48
29 27 21
29 27 297
29 27 298
29 27 299
29 27 76
29 27 300
29 27 250
29 27 278
29 27 301
29 27 302
29 27 303
29 291 44
29 291 21
29 293 44
29 276 21
29 44 21
30 117 232
30 229 134
31 134 219
31 134 35
31 134 54
31 134 223
31 134 27
31 134 122
31 134 96
31 134 21
31 223 27
31 136 41
32 52 41
32 67 41
32 84 256
32 84 41
32 143 256
32 38 256
32 38 97
32 256 59
32 256 48
32 256 99
32 42 97
32 42 41
32 61 97
32 61 41
32 61 263
32 97 76
32 97 81
32 98 41
32 76 41
32 99 41
32 41 51
32 41 262
32 77 81
33 304 305
33 304 306
33 304 307
33 308 305
33 308 309
33 308 306
33 308 310
33 308 311
33 308 307
33 312 306
33 312 307
33 313 305
33 313 314
33 313 306
33 315 306
33 315 307
33 316 306
33 305 306
33 309 311
33 314 306
33 314 307
33 306 317
33 306 318
33 306 310
33 306 311
33 306 319
33 306 307
33 306 320
33 311 307
33 319 307
33 307 320
33 320 321
34 131 251
34 134 122
34 219 226
35 322 230
35 254 183
35 254 185
35 254 323
35 254 40
35 254 184
35 254 230
35 254 324
35 183 185
35 183 230
35 183 325
35 185 326
35 185 327
35 185 325
35 185 324
35 323 324
35 40 325
35 327 324
35 328 325
35 184 325
35 329 324
35 230 325
35 325 324
36 134 121
36 35 119
36 120 119
36 121 119
36 121 124
36 121 130
36 121 122
36 119 134
36 119 225
36 119 226
36 119 130
36 119 27
36 119 229
36 119 122
36 119 232
36 119 21
36 225 232
36 226 124
36 124 129
36 130 129
36 229 121
36 129 119
37 138 139
37 35 139
37 139 54
37 139 124
37 139 10
37 139 130
37 139 27
37 139 3
37 139 73
37 139 21
37 139 299
38 55 93
38 55 63
38 330 67
38 52 75
38 52 63
38 65 38
38 65 59
38 65 61
38 65 75
38 65 63
38 65 51
38 65 81
38 53 63
38 67 331
38 67 114
38 37 63
38 332 58
38 332 333
38 86 59
38 86 63
38 38 108
38 38 63
38 58 334
38 58 335
38 58 336
38 58 337
38 58 63
38 334 333
38 108 43
38 59 116
38 61 98
38 43 51
38 75 63
38 75 105
38 76 63
38 63 116
38 63 51
38 63 114
38 63 105
38 60 51
39 282 143
39 282 48
39 143 48
39 338 48
39 48 339
40 35 41
40 36 256
40 36 41
40 54 41
40 55 256
40 55 41
40 254 41
40 53 41
40 284 41
40 183 41
40 182 77
40 37 41
40 143 41
40 38 41
40 340 41
40 10 41
40 185 77
40 58 41
40 87 41
40 256 106
40 256 141
40 256 42
40 256 73
40 256 63
40 341 41
40 40 41
40 342 41
40 27 41
40 141 97
40 141 41
40 3 41
40 230 41
40 72 41
40 45 41
40 73 41
40 47 41
40 343 41
40 48 41
40 209 77
40 21 41
40 299 41
40 62 41
40 41 63
40 41 344
41 39 35
42 2 140
42 183 140
42 10 140
42 40 140
42 141 140
42 230 140
42 140 99
42 140 41
42 140 331
43 264 36
43 264 136
43 264 72
43 191 36
43 191 72
43 50 38
43 50 72
43 50 76
43 35 72
43 148 53
43 149 53
43 345 53
43 117 36
43 117 72
43 36 55
43 36 56
43 36 52
43 36 53
43 36 66
43 36 346
43 36 347
43 36 37
43 36 57
43 36 38
43 36 58
43 36 348
43 36 133
43 36 88
43 36 108
43 36 69
43 36 59
43 36 93
43 36 111
43 36 349
43 36 61
43 36 43
43 36 230
43 36 72
43 36 73
43 36 209
43 36 98
43 36 99
43 36 62
43 36 63
43 36 79
43 36 80
43 36 350
43 36 100
43 36 101
43 36 51
43 36 115
43 36 351
43 36 114
43 54 81
43 55 52
43 55 53
43 55 67
43 55 93
43 55 106
43 55 94
43 55 110
43 55 43
43 55 72
43 55 98
43 55 75
43 55 76
43 55 99
43 55 62
43 55 81
43 56 53
43 56 61
43 56 72
43 56 76
43 56 99
43 56 62
43 56 331
43 56 80
43 330 72
43 64 72
43 352 53
43 52 65
43 52 38
43 52 10
43 52 87
43 52 69
43 52 106
43 52 70
43 52 141
43 52 61
43 52 72
43 52 73
43 52 75
43 52 76
43 52 99
43 52 62
43 52 41
43 52 63
43 52 60
43 52 79
43 52 80
43 52 100
43 52 51
43 52 81
43 65 53
43 65 84
43 65 37
43 65 86
43 65 38
43 65 59
43 65 93
43 65 94
43 65 141
43 65 61
43 65 43
43 65 72
43 65 76
43 65 99
43 65 62
43 65 63
43 65 100
43 65 51
43 65 81
43 254 72
43 53 66
43 53 353
43 53 84
43 53 37
43 53 57
43 53 86
43 53 38
43 53 10
43 53 58
43 53 87
43 53 68
43 53 88
43 53 89
43 53 91
43 53 354
43 53 69
43 53 59
43 53 355
43 53 126
43 53 93
43 53 106
43 53 94
43 53 70
43 53 71
43 53 356
43 53 141
43 53 42
43 53 61
43 53 43
43 53 230
43 53 72
43 53 73
43 53 357
43 53 98
43 53 21
43 53 49
43 53 75
43 53 76
43 53 99
43 53 62
43 53 41
43 53 63
43 53 78
43 53 60
43 53 79
43 53 80
43 53 100
43 53 102
43 53 51
43 53 81
43 53 82
43 53 351
43 53 358
43 53 359
43 53 105
43 66 58
43 66 72
43 66 98
43 66 76
43 360 72
43 346 72
43 346 76
43 361 72
43 136 38
43 136 72
43 67 183
43 67 38
43 67 362
43 67 10
43 67 58
43 67 87
43 67 40
43 67 61
43 67 230
43 67 112
43 67 72
43 67 76
43 67 99
43 67 78
43 67 100
43 67 51
43 67 114
43 85 86
43 85 69
43 85 72
43 85 76
43 85 78
43 124 72
43 353 72
43 363 72
43 84 37
43 84 86
43 84 69
43 84 111
43 84 61
43 84 43
43 84 72
43 84 76
43 84 62
43 84 100
43 84 105
43 364 72
43 183 73
43 182 72
43 347 38
43 347 72
43 37 42
43 37 72
43 37 76
43 37 99
43 37 80
43 57 38
43 57 365
43 57 72
43 57 209
43 57 98
43 57 62
43 57 63
43 57 80
43 86 87
43 86 141
43 86 72
43 86 76
43 86 99
43 86 81
43 38 10
43 38 87
43 38 40
43 38 59
43 38 93
43 38 106
43 38 141
43 38 43
43 38 230
43 38 72
43 38 140
43 38 98
43 38 75
43 38 76
43 38 99
43 38 62
43 38 41
43 38 331
43 38 80
43 38 51
43 38 81
43 38 351
43 38 114
43 10 72
43 10 63
43 10 80
43 39 72
43 365 72
43 366 72
43 185 72
43 185 209
43 58 61
43 58 72
43 58 76
43 58 99
43 58 62
43 58 331
43 58 51
43 58 114
43 367 108
43 368 60
43 348 72
43 348 76
43 87 72
43 87 99
43 87 62
43 87 63
43 87 331
43 87 369
43 68 72
43 68 73
43 68 62
43 68 78
43 68 60
43 68 80
43 68 51
43 68 82
43 133 72
43 133 73
43 88 72
43 88 209
43 88 76
43 88 81
43 370 72
43 90 72
43 90 81
43 108 61
43 108 76
43 335 72
43 371 99
43 371 81
43 372 99
43 373 76
43 373 81
43 109 60
43 69 93
43 69 72
43 69 73
43 69 209
43 69 75
43 69 76
43 69 99
43 69 62
43 69 51
43 69 81
43 40 72
43 40 73
43 40 99
43 40 62
43 59 93
43 59 61
43 59 72
43 59 47
43 59 209
43 59 76
43 59 62
43 59 63
43 59 78
43 59 79
43 59 81
43 59 351
43 92 72
43 126 71
43 93 61
43 93 72
43 93 73
43 93 75
43 93 76
43 93 62
43 93 80
43 93 51
43 93 81
43 106 72
43 106 73
43 106 81
43 94 72
43 94 62
43 94 78
43 94 60
43 94 80
43 94 51
43 70 76
43 71 72
43 211 81
43 374 72
43 111 62
43 375 72
43 141 42
43 141 61
43 141 43
43 141 72
43 141 73
43 141 209
43 141 98
43 141 78
43 141 79
43 141 80
43 141 81
43 110 72
43 110 76
43 3 72
43 376 72
43 377 72
43 42 72
43 42 99
43 184 72
43 184 73
43 61 72
43 61 76
43 61 99
43 61 78
43 61 51
43 61 81
43 61 114
43 43 72
43 43 76
43 43 80
43 43 105
43 230 72
43 230 73
43 230 98
43 230 99
43 230 81
43 112 72
43 112 76
43 72 140
43 72 73
43 72 378
43 72 48
43 72 209
43 72 98
43 72 21
43 72 49
43 72 75
43 72 76
43 72 379
43 72 99
43 72 380
43 72 118
43 72 62
43 72 41
43 72 78
43 72 381
43 72 60
43 72 331
43 72 79
43 72 80
43 72 100
43 72 382
43 72 383
43 72 51
43 72 81
43 72 82
43 72 103
43 72 115
43 72 351
43 72 83
43 72 358
43 72 369
43 72 114
43 72 262
43 72 104
43 72 359
43 72 105
43 140 331
43 73 343
43 73 76
43 73 99
43 73 41
43 73 79
43 73 51
43 97 63
43 209 76
43 209 99
43 209 62
43 209 77
43 209 63
43 209 114
43 98 76
43 98 99
43 98 62
43 98 78
43 98 331
43 98 79
43 98 80
43 98 100
43 98 104
43 21 76
43 75 76
43 75 62
43 75 63
43 75 78
43 75 79
43 75 80
43 75 81
43 76 99
43 76 62
43 76 63
43 76 78
43 76 60
43 76 79
43 76 80
43 76 100
43 76 382
43 76 51
43 76 81
43 76 115
43 76 83
43 76 114
43 76 104
43 76 359
43 99 63
43 99 78
43 99 79
43 99 80
43 99 350
43 99 51
43 99 81
43 62 78
43 62 60
43 62 331
43 62 79
43 62 80
43 62 350
43 62 51
43 62 81
43 62 114
43 41 79
43 77 63
43 63 81
43 63 351
43 78 60
43 60 51
43 60 351
43 79 105
43 80 81
43 80 82
43 80 114
43 350 81
43 100 81
43 51 106
43 51 82
43 81 104
43 81 105
44 35 256
44 35 41
44 36 41
44 54 10
44 54 41
44 52 256
44 52 97
44 190 41
44 254 41
44 53 41
44 136 41
44 67 41
44 284 41
44 384 41
44 183 41
44 182 77
44 37 41
44 143 41
44 362 41
44 10 256
44 10 41
44 39 41
44 185 77
44 87 41
44 256 40
44 256 3
44 256 230
44 256 72
44 256 73
44 256 48
44 256 21
44 256 76
44 69 41
44 40 41
44 385 41
44 327 41
44 27 41
44 3 41
44 184 41
44 230 41
44 325 41
44 72 41
44 44 41
44 45 41
44 73 41
44 47 41
44 48 41
44 209 77
44 21 299
44 21 41
44 75 41
44 76 41
44 99 41
44 386 41
44 41 80
44 41 100
44 41 51
45 58 72
45 69 72
45 106 72
45 43 72
46 134 10
46 134 232
46 219 10
46 219 232
46 138 10
46 35 149
46 35 223
46 35 136
46 35 10
46 35 354
46 35 21
46 148 10
46 149 10
46 36 10
46 120 10
46 2 10
46 54 10
46 55 10
46 181 10
46 52 10
46 223 21
46 190 10
46 65 10
46 254 10
46 53 10
46 119 126
46 136 10
46 284 10
46 124 10
46 124 130
46 84 10
46 183 10
46 183 41
46 37 10
46 143 10
46 38 10
46 10 119
46 10 39
46 10 185
46 10 151
46 10 87
46 10 256
46 10 40
46 10 59
46 10 126
46 10 27
46 10 106
46 10 153
46 10 3
46 10 42
46 10 184
46 10 61
46 10 230
46 10 325
46 10 72
46 10 44
46 10 140
46 10 73
46 10 232
46 10 48
46 10 209
46 10 21
46 10 299
46 10 75
46 10 99
46 10 41
46 10 79
46 10 80
46 10 51
46 10 81
46 87 41
46 40 41
46 184 41
46 230 41
47 134 387
47 219 387
47 388 387
47 387 118
48 389 60
48 390 36
48 391 60
48 131 60
48 392 36
48 393 60
48 191 55
48 191 53
48 191 98
48 191 60
48 50 36
48 50 65
48 50 59
48 35 36
48 35 49
48 35 80
48 394 59
48 36 210
48 36 54
48 36 55
48 36 56
48 36 352
48 36 52
48 36 65
48 36 53
48 36 66
48 36 119
48 36 136
48 36 193
48 36 67
48 36 124
48 36 353
48 36 84
48 36 364
48 36 37
48 36 143
48 36 395
48 36 57
48 36 86
48 36 38
48 36 396
48 36 10
48 36 39
48 36 58
48 36 397
48 36 87
48 36 68
48 36 370
48 36 90
48 36 108
48 36 371
48 36 69
48 36 40
48 36 59
48 36 92
48 36 126
48 36 27
48 36 93
48 36 106
48 36 94
48 36 211
48 36 374
48 36 375
48 36 110
48 36 96
48 36 3
48 36 398
48 36 399
48 36 42
48 36 61
48 36 43
48 36 400
48 36 230
48 36 72
48 36 44
48 36 45
48 36 73
48 36 46
48 36 47
48 36 48
48 36 209
48 36 98
48 36 21
48 36 74
48 36 49
48 36 75
48 36 99
48 36 401
48 36 62
48 36 41
48 36 63
48 36 344
48 36 78
48 36 60
48 36 331
48 36 79
48 36 80
48 36 100
48 36 382
48 36 51
48 36 81
48 36 82
48 36 103
48 36 83
48 36 358
48 36 262
48 36 104
48 36 359
48 210 72
48 210 76
48 55 56
48 55 52
48 55 65
48 55 53
48 55 67
48 55 85
48 55 84
48 55 37
48 55 57
48 55 38
48 55 10
48 55 402
48 55 58
48 55 68
48 55 69
48 55 59
48 55 400
48 55 72
48 55 73
48 55 209
48 55 98
48 55 75
48 55 76
48 55 41
48 55 63
48 55 60
48 55 79
48 55 81
48 55 358
48 56 181
48 56 52
48 56 65
48 56 67
48 56 86
48 56 38
48 56 87
48 56 212
48 56 184
48 56 61
48 56 230
48 56 72
48 56 73
48 56 99
48 56 62
48 56 41
48 56 78
48 56 80
48 56 369
48 352 360
48 352 72
48 181 67
48 181 98
48 52 65
48 52 84
48 52 37
48 52 86
48 52 38
48 52 69
48 52 59
48 52 93
48 52 106
48 52 94
48 52 70
48 52 71
48 52 61
48 52 43
48 52 72
48 52 73
48 52 98
48 52 75
48 52 76
48 52 78
48 52 60
48 52 80
48 52 100
48 52 51
48 52 81
48 65 53
48 65 66
48 65 353
48 65 37
48 65 57
48 65 86
48 65 38
48 65 213
48 65 58
48 65 87
48 65 59
48 65 93
48 65 403
48 65 61
48 65 43
48 65 72
48 65 73
48 65 209
48 65 49
48 65 75
48 65 76
48 65 99
48 65 62
48 65 41
48 65 63
48 65 78
48 65 60
48 65 79
48 65 51
48 65 81
48 65 82
48 65 114
48 65 105
48 53 67
48 53 38
48 53 59
48 53 93
48 53 106
48 53 400
48 53 72
48 53 73
48 53 49
48 53 76
48 53 99
48 53 62
48 53 60
48 53 80
48 53 51
48 53 114
48 66 98
48 66 75
48 361 73
48 67 38
48 67 58
48 67 87
48 67 69
48 67 40
48 67 42
48 67 184
48 67 61
48 67 230
48 67 72
48 67 73
48 67 74
48 67 75
48 67 76
48 67 62
48 67 41
48 67 78
48 67 80
48 67 51
48 67 81
48 194 59
48 85 51
48 353 72
48 353 76
48 132 60
48 404 80
48 405 51
48 84 58
48 84 69
48 84 59
48 84 106
48 84 61
48 84 43
48 84 72
48 84 21
48 84 76
48 84 62
48 187 60
48 182 72
48 406 51
48 407 60
48 37 38
48 37 59
48 37 94
48 37 61
48 37 43
48 37 72
48 37 73
48 37 49
48 37 76
48 37 80
48 37 81
48 37 105
48 143 72
48 332 58
48 57 68
48 57 211
48 57 98
48 57 62
48 57 63
48 57 60
48 57 51
48 86 59
48 86 72
48 86 98
48 86 76
48 86 60
48 86 51
48 86 81
48 38 58
48 38 108
48 38 59
48 38 93
48 38 106
48 38 94
48 38 70
48 38 141
48 38 43
48 38 400
48 38 72
48 38 98
48 38 74
48 38 75
48 38 76
48 38 99
48 38 62
48 38 63
48 38 78
48 38 60
48 38 80
48 38 51
48 38 81
48 38 105
48 396 72
48 10 398
48 10 72
48 10 98
48 10 49
48 10 80
48 10 81
48 402 60
48 58 87
48 58 341
48 58 40
48 58 61
48 58 333
48 58 72
48 58 73
48 58 98
48 58 74
48 58 99
48 58 62
48 58 41
48 58 63
48 58 78
48 58 331
48 58 80
48 58 51
48 367 76
48 368 60
48 87 337
48 87 72
48 87 73
48 87 98
48 87 80
48 87 369
48 188 60
48 68 59
48 68 61
48 68 72
48 68 60
48 68 51
48 408 72
48 408 60
48 133 60
48 89 59
48 108 69
48 108 61
48 108 72
48 335 73
48 409 60
48 109 60
48 69 59
48 69 61
48 69 43
48 69 72
48 69 76
48 69 51
48 69 81
48 69 105
48 40 98
48 59 390
48 59 193
48 59 85
48 59 93
48 59 106
48 59 94
48 59 70
48 59 410
48 59 95
48 59 211
48 59 375
48 59 349
48 59 42
48 59 61
48 59 43
48 59 72
48 59 73
48 59 209
48 59 49
48 59 195
48 59 75
48 59 76
48 59 99
48 59 192
48 59 60
48 59 411
48 59 80
48 59 51
48 59 81
48 59 115
48 59 358
48 59 412
48 59 105
48 92 72
48 92 76
48 355 60
48 27 72
48 27 73
48 27 81
48 93 61
48 93 43
48 93 72
48 93 73
48 93 209
48 93 75
48 93 76
48 93 99
48 93 41
48 93 60
48 93 80
48 93 51
48 93 105
48 106 61
48 106 43
48 106 72
48 106 209
48 106 98
48 106 49
48 106 76
48 106 41
48 106 80
48 106 51
48 106 81
48 413 60
48 94 72
48 94 98
48 94 60
48 94 80
48 94 51
48 71 51
48 211 72
48 211 76
48 374 42
48 374 72
48 374 103
48 349 72
48 349 76
48 337 73
48 141 81
48 3 81
48 398 105
48 399 72
48 399 76
48 212 72
48 212 98
48 212 369
48 377 73
48 42 72
48 42 49
48 42 76
48 42 99
48 42 80
48 42 81
48 184 73
48 184 98
48 61 72
48 61 98
48 61 49
48 61 76
48 61 51
48 61 81
48 43 72
48 43 73
48 43 209
48 43 49
48 43 76
48 43 41
48 43 80
48 400 209
48 400 76
48 230 72
48 230 98
48 112 36
48 414 60
48 72 73
48 72 209
48 72 98
48 72 49
48 72 75
48 72 76
48 72 99
48 72 415
48 72 78
48 72 60
48 72 79
48 72 80
48 72 350
48 72 100
48 72 51
48 72 81
48 72 82
48 72 358
48 72 369
48 72 114
48 72 105
48 140 98
48 73 98
48 73 49
48 73 75
48 73 76
48 73 99
48 73 41
48 73 60
48 73 79
48 73 80
48 73 51
48 73 105
48 209 52
48 209 49
48 209 75
48 209 76
48 209 99
48 209 60
48 209 79
48 209 51
48 209 114
48 98 75
48 98 99
48 98 62
48 98 41
48 98 78
48 98 80
48 98 51
48 98 81
48 98 358
48 98 114
48 21 81
48 74 75
48 74 60
48 49 80
48 49 358
48 75 76
48 75 80
48 75 51
48 75 81
48 75 358
48 75 359
48 76 99
48 76 62
48 76 41
48 76 63
48 76 78
48 76 79
48 76 80
48 76 100
48 76 51
48 76 81
48 76 358
48 99 78
48 99 79
48 99 80
48 99 51
48 415 60
48 251 60
48 62 60
48 62 80
48 62 51
48 62 81
48 41 80
48 416 60
48 63 51
48 78 60
48 78 80
48 78 51
48 60 80
48 60 51
48 60 82
48 60 417
48 60 358
48 116 51
48 79 80
48 79 51
48 79 81
48 80 51
48 80 81
48 80 105
48 100 51
48 51 37
48 51 82
48 81 358
48 369 114
48 262 112
49 53 27
49 38 27
49 185 27
49 87 27
49 130 27
49 40 27
49 126 27
49 27 72
49 27 73
49 27 41
50 418 283
50 419 283
50 420 283
50 190 283
50 190 285
50 190 421
50 190 422
50 190 423
50 283 285
50 283 39
50 283 424
50 283 425
50 283 422
50 283 426
50 283 427
50 283 428
50 283 429
50 283 430
50 283 431
50 283 432
50 283 433
50 283 302
50 283 423
51 258 434
51 46 39
51 47 39
52 1 3
52 35 7
52 2 3
52 7 10
52 7 12
52 7 21
52 8 3
52 11 3
52 12 3
52 3 20
52 3 18
53 134 219
53 35 230
53 225 229
53 226 122
53 10 230
53 87 230
53 3 184
53 3 230
53 230 72
53 230 73
53 230 21
53 230 41
54 435 131
54 435 436
54 435 437
54 435 416
54 131 438
54 131 439
54 131 440
54 131 436
54 131 441
54 131 442
54 131 443
54 131 444
54 131 445
54 131 437
54 131 416
54 131 446
54 131 447
54 438 437
54 438 416
54 439 416
54 448 437
54 436 437
54 436 416
54 436 447
54 407 437
54 449 437
54 444 416
54 450 131
54 437 251
54 437 416
54 437 447
54 416 446
54 416 447
55 451 452
55 225 452
55 452 130
55 452 229
55 452 232
56 453 365
56 453 381
56 454 381
56 455 381
56 456 381
56 456 457
56 381 457
57 264 124
57 147 124
57 451 124
57 219 124
57 388 124
57 458 124
57 35 124
57 35 10
57 148 124
57 149 124
57 459 124
57 117 124
57 36 124
57 218 124
57 120 124
57 54 124
57 223 124
57 223 96
57 223 21
57 158 124
57 119 124
57 136 124
57 225 124
57 226 124
57 124 460
57 124 10
57 124 39
57 124 151
57 124 87
57 124 188
57 124 408
57 124 133
57 124 130
57 124 354
57 124 40
57 124 27
57 124 229
57 124 387
57 124 461
57 124 153
57 124 122
57 124 462
57 124 96
57 124 3
57 124 230
57 124 72
57 124 253
57 124 73
57 124 232
57 124 463
57 124 48
57 124 21
57 124 162
58 304 311
58 304 307
58 464 307
58 465 307
58 466 307
58 308 229
58 308 306
58 308 467
58 308 318
58 308 311
58 308 307
58 312 313
58 312 306
58 312 307
58 468 124
58 469 307
58 313 226
58 313 124
58 313 305
58 313 306
58 313 318
58 313 311
58 313 307
58 315 124
58 315 306
58 470 307
58 124 188
58 124 314
58 124 471
58 124 306
58 124 311
58 124 320
58 124 321
58 132 188
58 132 306
58 448 188
58 472 306
58 472 307
58 472 320
58 316 311
58 305 306
58 305 467
58 305 307
58 188 133
58 188 306
58 188 473
58 474 475
58 135 306
58 476 188
58 477 311
58 309 311
58 314 306
58 314 467
58 314 311
58 314 307
58 229 306
58 229 311
58 471 311
58 122 311
58 122 321
58 306 476
58 306 478
58 306 479
58 306 318
58 306 480
58 306 311
58 306 307
58 306 320
58 306 321
58 317 307
58 481 307
58 467 318
58 467 310
58 467 311
58 467 307
58 318 311
58 318 307
58 480 307
58 475 307
58 310 311
58 311 473
58 311 319
58 311 307
58 311 320
58 311 321
58 319 307
58 307 482
58 307 320
59 483 484
59 264 485
59 264 486
59 264 487
59 264 388
59 264 488
59 264 35
59 264 149
59 264 117
59 264 36
59 264 136
59 264 489
59 264 225
59 264 124
59 264 490
59 264 491
59 264 133
59 264 130
59 264 492
59 264 229
59 264 493
59 264 122
59 264 494
59 264 72
59 264 232
59 264 118
59 487 490
59 487 493
59 488 493
59 35 10
59 35 27
59 136 38
59 489 484
59 495 484
59 496 494
59 494 497
60 50 52
60 50 53
60 36 53
60 56 63
60 65 53
60 65 38
60 65 59
60 65 61
60 65 75
60 65 79
60 53 370
60 53 89
60 53 371
60 53 59
60 53 93
60 53 70
60 53 374
60 53 375
60 53 61
60 53 43
60 53 73
60 53 75
60 53 76
60 53 63
60 53 79
60 53 80
60 53 51
60 84 93
60 38 75
60 348 80
60 370 81
60 371 98
60 374 98
60 375 75
60 375 76
60 375 51
61 131 134
61 147 134
61 451 134
61 134 219
61 134 388
61 134 458
61 134 35
61 134 148
61 134 149
61 134 459
61 134 117
61 134 218
61 134 54
61 134 223
61 134 158
61 134 53
61 134 119
61 134 136
61 134 225
61 134 226
61 134 460
61 134 39
61 134 151
61 134 87
61 134 188
61 134 408
61 134 133
61 134 130
61 134 135
61 134 354
61 134 126
61 134 27
61 134 229
61 134 387
61 134 461
61 134 153
61 134 122
61 134 462
61 134 96
61 134 3
61 134 230
61 134 72
61 134 253
61 134 73
61 134 232
61 134 21
61 134 162
61 134 416
61 138 290
61 35 143
61 35 48
61 35 498
61 289 498
61 27 143
61 27 48
61 290 27
61 462 130
61 184 72
62 36 283
62 120 283
62 419 283
62 52 283
62 190 283
62 190 285
62 190 39
62 190 141
62 283 284
62 283 143
62 283 285
62 283 38
62 283 10
62 283 39
62 283 289
62 283 424
62 283 27
62 283 153
62 283 178
62 283 141
62 283 499
62 283 427
62 283 44
62 283 45
62 283 47
62 283 48
62 283 21
62 283 76
62 283 432
62 283 433
62 283 302
62 283 423
62 283 80
62 283 51
62 10 39
62 39 21
62 39 423
63 53 256
63 37 256
63 86 41
63 256 93
63 256 43
63 256 78
63 93 41
63 43 77
63 74 41
63 41 94
63 77 78
64 124 135
64 124 476
64 500 133
64 137 135
64 133 135
64 130 229
64 135 136
64 135 500
64 135 476
64 135 229
64 135 60
64 476 136
65 392 209
65 191 209
65 50 73
65 35 73
65 36 38
65 36 61
65 36 209
65 36 75
65 36 79
65 36 81
65 55 68
65 55 73
65 55 209
65 56 73
65 52 209
65 52 344
65 65 209
65 53 209
65 53 344
65 282 73
65 361 99
65 67 73
65 85 51
65 353 73
65 84 209
65 364 209
65 182 209
65 37 73
65 37 209
65 57 365
65 57 209
65 38 10
65 38 72
65 38 74
65 10 42
65 10 61
65 10 73
65 10 209
65 39 73
65 185 209
65 58 73
65 368 60
65 87 73
65 107 51
65 370 209
65 89 59
65 335 99
65 371 209
65 372 73
65 336 99
65 69 209
65 40 73
65 59 209
65 59 63
65 93 209
65 106 209
65 94 209
65 70 59
65 374 42
65 374 209
65 374 79
65 111 209
65 141 73
65 141 209
65 110 73
65 377 99
65 42 81
65 43 209
65 72 209
65 72 51
65 140 73
65 140 99
65 73 98
65 73 501
65 73 75
65 73 386
65 73 77
65 73 63
65 73 196
65 73 101
65 73 51
65 73 351
65 73 359
65 73 105
65 209 50
65 209 89
65 209 70
65 209 98
65 209 74
65 209 49
65 209 75
65 209 76
65 209 99
65 209 62
65 209 77
65 209 63
65 209 344
65 209 78
65 209 60
65 209 79
65 209 80
65 209 51
65 209 81
65 209 83
65 209 114
65 105 209
66 502 463
66 503 504
66 503 505
66 503 463
66 503 189
66 504 463
66 506 503
66 507 463
66 508 463
66 505 463
66 505 509
66 505 189
66 463 506
66 463 510
67 511 255
67 183 255
67 183 385
67 183 184
67 183 343
67 362 230
67 362 343
67 255 385
67 255 343
67 342 230
67 342 343
67 184 512
67 184 343
67 230 343
68 272 513
68 514 513
68 280 44
68 285 513
68 39 44
68 515 21
68 274 288
68 274 513
68 288 44
68 288 21
68 288 513
68 516 513
68 517 44
68 517 21
68 291 44
68 291 513
68 293 44
68 293 513
68 44 513
68 44 498
68 295 513
68 21 513
68 513 300
68 513 498
69 264 124
69 504 124
69 147 124
69 451 124
69 393 124
69 219 124
69 388 124
69 458 124
69 459 124
69 121 124
69 223 124
69 119 124
69 225 124
69 226 124
69 124 460
69 124 518
69 124 448
69 124 187
69 124 407
69 124 519
69 124 452
69 124 151
69 124 474
69 124 130
69 124 135
69 124 354
69 124 126
69 124 229
69 124 160
69 124 122
69 124 96
69 124 520
69 124 232
69 124 463
69 124 473
69 124 251
69 124 521
69 124 522
69 124 523
70 390 52
70 390 93
70 524 52
70 392 52
70 392 81
70 50 52
70 50 93
70 50 106
70 352 52
70 352 63
70 52 525
70 52 85
70 52 364
70 52 395
70 52 68
70 52 214
70 52 93
70 52 94
70 52 211
70 52 43
70 52 78
70 52 526
70 52 80
70 52 527
70 52 102
70 53 211
70 360 78
70 67 525
70 67 364
70 67 395
70 67 526
70 85 94
70 85 74
70 85 380
70 395 501
70 38 211
70 397 93
70 68 107
70 371 80
70 59 93
70 93 94
70 93 349
70 93 43
70 93 351
70 43 527
70 78 351
70 527 105
71 147 149
71 147 120
71 147 136
71 148 149
71 148 136
71 148 150
71 148 154
71 149 158
71 149 136
71 149 150
71 149 165
71 149 172
71 149 152
71 149 160
71 149 153
71 149 161
71 149 170
71 120 136
71 120 235
71 120 238
71 136 159
71 136 150
71 136 172
71 136 236
71 136 160
71 136 161
71 136 170
71 136 154
71 136 166
71 159 120
71 159 235
71 235 136
71 172 244
71 172 166
71 244 136
71 236 149
71 238 153
71 153 154
71 170 236
71 166 149
72 131 189
72 147 189
72 451 189
72 528 189
72 219 189
72 388 189
72 148 189
72 149 189
72 459 189
72 218 189
72 121 189
72 163 189
72 223 189
72 158 189
72 119 189
72 136 189
72 225 189
72 226 189
72 518 189
72 150 189
72 529 189
72 188 189
72 152 189
72 130 189
72 135 189
72 354 189
72 126 189
72 229 189
72 257 189
72 153 189
72 122 189
72 462 189
72 161 189
72 520 189
72 253 189
72 232 189
72 463 189
72 473 189
72 189 460
72 189 530
72 189 531
72 189 311
72 189 521
72 189 162
72 189 416
72 189 523
73 532 301
73 134 54
73 533 54
73 273 21
73 273 299
73 534 535
73 534 301
73 35 54
73 279 54
73 279 287
73 279 21
73 279 299
73 279 536
73 279 301
73 514 54
73 280 293
73 139 54
73 139 299
73 36 54
73 54 280
73 54 537
73 54 284
73 54 10
73 54 87
73 54 130
73 54 287
73 54 27
73 54 292
73 54 538
73 54 293
73 54 539
73 54 3
73 54 230
73 54 294
73 54 72
73 54 540
73 54 295
73 54 541
73 54 296
73 54 542
73 54 73
73 54 21
73 54 297
73 54 298
73 54 299
73 54 543
73 54 41
73 54 301
73 535 544
73 535 301
73 284 10
73 284 185
73 284 87
73 284 287
73 284 40
73 284 545
73 284 292
73 284 230
73 284 21
73 284 299
73 284 41
73 284 301
73 546 301
73 547 301
73 292 21
73 292 299
73 292 301
73 538 21
73 538 548
73 538 301
73 293 21
73 295 21
73 296 21
73 549 301
73 48 21
73 21 297
73 21 299
73 21 41
73 298 299
73 299 301
73 544 284
73 548 301
73 301 544
74 322 41
74 181 41
74 52 77
74 65 256
74 65 41
74 254 41
74 84 256
74 84 97
74 84 77
74 86 256
74 86 77
74 38 259
74 38 77
74 340 41
74 259 97
74 259 77
74 259 80
74 256 260
74 256 141
74 256 261
74 256 43
74 256 81
74 40 41
74 260 261
74 260 77
74 550 41
74 141 97
74 141 41
74 261 77
74 551 41
74 325 41
74 140 41
74 73 97
74 73 41
74 73 77
74 97 81
74 209 77
74 21 41
74 41 100
74 41 103
74 77 63
74 77 80
75 264 219
75 451 219
75 134 219
75 219 388
75 219 458
75 219 35
75 219 149
75 219 117
75 219 158
75 219 136
75 219 225
75 219 226
75 219 124
75 219 408
75 219 133
75 219 130
75 219 354
75 219 126
75 219 229
75 219 387
75 219 461
75 219 153
75 219 122
75 219 462
75 219 3
75 219 520
75 219 253
75 219 232
75 219 463
75 35 27
76 254 40
76 254 230
76 183 40
76 183 230
76 40 230
76 40 325
76 230 325
77 389 60
77 391 60
77 392 72
77 191 51
77 55 57
77 55 69
77 55 93
77 55 43
77 55 63
77 56 57
77 56 380
77 56 63
77 64 67
77 64 57
77 64 98
77 52 68
77 52 93
77 52 43
77 52 63
77 65 43
77 65 49
77 65 62
77 65 51
77 360 63
77 360 51
77 67 74
77 67 380
77 67 63
77 552 107
77 552 94
77 552 60
77 525 42
77 85 57
77 85 68
77 85 63
77 85 60
77 85 51
77 84 92
77 84 61
77 84 99
77 364 42
77 364 63
77 364 79
77 364 51
77 364 81
77 37 92
77 37 93
77 37 211
77 37 42
77 37 43
77 37 49
77 37 83
77 37 359
77 37 105
77 57 365
77 57 366
77 57 68
77 57 61
77 57 553
77 57 378
77 57 74
77 57 380
77 57 63
77 57 78
77 57 554
77 57 383
77 86 43
77 86 99
77 86 79
77 86 51
77 38 49
77 38 63
77 365 72
77 366 98
77 402 60
77 402 51
77 58 380
77 368 60
77 68 93
77 68 94
77 68 78
77 555 94
77 555 51
77 107 94
77 409 60
77 69 92
77 69 43
77 69 78
77 69 79
77 59 43
77 59 51
77 92 43
77 355 60
77 556 60
77 93 110
77 93 43
77 93 401
77 93 78
77 93 83
77 93 359
77 94 110
77 94 78
77 94 51
77 211 63
77 42 63
77 43 80
77 43 51
77 112 63
77 112 81
77 72 116
77 72 526
77 73 526
77 378 51
77 209 63
77 98 380
77 98 383
77 74 99
77 74 51
77 49 80
77 49 358
77 75 80
77 99 63
77 99 79
77 557 60
77 558 51
77 62 78
77 62 331
77 63 344
77 63 78
77 63 80
77 63 51
77 63 114
77 78 80
77 60 417
77 116 51
77 554 51
77 51 83
77 81 105
78 313 124
78 305 307
78 467 305
79 322 185
79 254 511
79 254 185
79 254 341
79 254 342
79 254 343
79 254 386
79 340 185
79 185 559
79 185 551
80 191 73
80 50 73
80 35 73
80 36 209
80 56 73
80 352 209
80 52 73
80 52 209
80 65 209
80 53 209
80 67 73
80 525 73
80 84 73
80 37 73
80 10 73
80 39 73
80 365 380
80 58 73
80 68 51
80 69 73
80 59 209
80 93 209
80 106 73
80 560 209
80 141 73
80 43 73
80 43 209
80 72 209
80 73 93
80 73 98
80 73 74
80 73 75
80 73 99
80 73 380
80 73 80
80 73 51
80 73 81
80 73 83
80 73 105
80 209 75
80 209 76
80 209 99
80 209 63
80 209 78
80 209 60
80 209 79
80 209 51
80 209 81
80 209 105
80 501 74
80 63 73
80 78 73
81 524 36
81 391 60
81 131 72
81 134 53
81 134 72
81 134 73
81 191 72
81 35 43
81 35 72
81 36 55
81 36 52
81 36 84
81 36 37
81 36 86
81 36 38
81 36 69
81 36 93
81 36 42
81 36 61
81 36 72
81 36 75
81 36 99
81 36 41
81 36 63
81 36 196
81 36 78
81 36 60
81 36 526
81 36 79
81 36 51
81 36 81
81 55 37
81 55 75
81 55 76
81 55 380
81 55 60
81 55 81
81 56 364
81 56 72
81 56 62
81 352 72
81 52 65
81 52 405
81 52 37
81 52 106
81 52 94
81 52 72
81 52 75
81 52 76
81 52 60
81 52 382
81 52 51
81 65 53
81 65 37
81 65 57
81 65 58
81 65 42
81 65 72
81 65 75
81 65 62
81 65 78
81 65 51
81 65 103
81 53 37
81 53 91
81 53 72
81 53 75
81 53 76
81 53 60
81 53 51
81 360 351
81 67 86
81 67 58
81 67 111
81 67 42
81 67 72
81 67 41
81 67 81
81 525 72
81 85 58
81 85 69
81 85 75
81 405 72
81 84 37
81 84 86
81 84 72
81 84 51
81 364 37
81 37 86
81 37 38
81 37 69
81 37 59
81 37 93
81 37 106
81 37 42
81 37 61
81 37 43
81 37 72
81 37 73
81 37 21
81 37 76
81 37 41
81 37 63
81 37 78
81 37 79
81 37 80
81 37 51
81 37 81
81 57 72
81 57 76
81 86 58
81 86 94
81 86 72
81 86 21
81 86 75
81 86 76
81 86 99
81 86 78
81 86 81
81 38 372
81 38 72
81 38 98
81 38 75
81 38 76
81 38 78
81 38 51
81 396 76
81 39 72
81 365 72
81 58 99
81 58 104
81 68 72
81 68 51
81 335 72
81 109 60
81 69 98
81 69 51
81 69 81
81 59 72
81 59 76
81 59 51
81 355 60
81 93 72
81 93 75
81 93 76
81 106 94
81 106 75
81 106 78
81 94 72
81 94 73
81 94 76
81 94 41
81 94 60
81 94 80
81 94 51
81 111 76
81 111 79
81 337 72
81 96 72
81 377 72
81 42 72
81 42 76
81 42 99
81 61 72
81 61 98
81 61 75
81 61 76
81 61 78
81 61 51
81 553 72
81 72 140
81 72 209
81 72 75
81 72 76
81 72 41
81 72 78
81 72 60
81 72 79
81 72 554
81 72 80
81 72 51
81 72 81
81 72 83
81 73 63
81 73 51
81 209 78
81 209 60
81 98 81
81 75 76
81 75 62
81 75 80
81 75 51
81 75 351
81 75 104
81 75 359
81 76 62
81 76 63
81 76 78
81 76 51
81 76 81
81 76 103
81 380 63
81 41 51
81 60 80
81 60 51
81 79 80
81 554 51
81 80 51
81 80 359
81 51 81
81 51 82
81 81 103
82 257 258
83 138 10
83 35 10
83 52 10
83 53 10
83 284 10
83 84 10
83 37 10
83 143 10
83 38 10
83 10 39
83 10 365
83 10 58
83 10 256
83 10 59
83 10 93
83 10 106
83 10 61
83 10 43
83 10 72
83 10 73
83 10 209
83 10 75
83 10 41
83 10 78
84 131 415
84 393 415
84 217 415
84 561 415
84 562 415
84 35 415
84 136 415
84 124 415
84 563 415
84 187 415
84 407 415
84 87 415
84 133 415
84 564 415
84 27 415
84 461 415
84 565 415
84 566 415
84 230 415
84 567 564
84 567 415
84 72 415
84 189 415
84 568 415
84 415 118
84 415 569
84 415 416
84 415 570
85 408 354
85 354 461
85 354 571
85 354 572
85 354 253
85 354 573
86 134 122
86 219 226
87 304 305
87 304 307
87 465 307
87 308 313
87 308 305
87 308 229
87 308 318
87 308 311
87 308 319
87 308 307
87 312 306
87 312 307
87 468 311
87 388 188
87 388 306
87 458 188
87 313 124
87 313 305
87 313 310
87 313 311
87 313 319
87 313 307
87 313 321
87 149 188
87 315 311
87 315 307
87 226 471
87 226 311
87 124 305
87 124 188
87 124 311
87 500 188
87 472 307
87 472 320
87 316 307
87 407 188
87 305 477
87 305 309
87 305 229
87 305 318
87 305 311
87 305 319
87 305 307
87 188 133
87 188 354
87 188 27
87 188 520
87 188 72
87 188 415
87 133 319
87 477 307
87 477 320
87 574 307
87 309 307
87 314 307
87 229 471
87 229 306
87 229 311
87 471 307
87 306 307
87 306 575
87 317 307
87 318 307
87 473 188
87 311 307
87 319 307
87 307 575
87 307 320
87 307 321
87 320 321
88 576 218
88 217 124
88 134 218
88 134 158
88 134 122
88 134 162
88 219 218
88 219 222
88 148 222
88 149 218
88 149 158
88 149 226
88 149 222
88 149 153
88 149 154
88 149 162
88 218 158
88 218 225
88 218 226
88 218 124
88 218 229
88 218 122
88 218 189
88 218 531
88 218 162
88 223 153
88 158 124
88 158 122
88 158 189
88 158 531
88 158 162
88 226 219
88 226 222
88 124 222
88 124 152
88 124 160
88 124 154
88 124 162
88 124 250
88 222 134
88 222 229
88 27 153
88 153 162
88 153 250
88 122 222
88 122 162
88 189 162
88 21 250
88 531 162
89 502 463
89 264 463
89 503 451
89 503 134
89 503 149
89 503 117
89 503 124
89 503 130
89 503 232
89 503 463
89 451 388
89 451 463
89 134 507
89 134 505
89 219 463
89 388 463
89 149 463
89 117 577
89 117 508
89 117 505
89 117 463
89 117 510
89 54 124
89 54 27
89 54 463
89 577 463
89 226 229
89 226 463
89 124 27
89 124 505
89 124 463
89 507 130
89 507 463
89 508 130
89 508 463
89 130 505
89 130 463
89 130 510
89 229 463
89 505 503
89 505 463
89 505 509
89 232 463
89 232 510
89 463 510
90 451 118
90 173 174
90 173 118
90 387 118
91 226 407
91 124 407
91 500 407
91 407 188
91 407 133
91 407 206
91 407 473
91 407 437
91 407 251
91 407 319
91 407 118
91 407 60
92 578 513
92 288 513
92 291 513
92 44 513
92 579 513
92 580 513
92 21 581
92 513 581
93 451 229
93 528 229
93 219 229
93 388 229
93 117 229
93 124 229
93 452 229
93 529 229
93 130 229
93 229 257
93 229 306
93 229 520
93 229 232
94 191 55
94 191 72
94 191 74
94 36 52
94 36 53
94 36 37
94 36 57
94 36 38
94 36 70
94 36 75
94 55 37
94 55 75
94 56 57
94 56 74
94 64 57
94 52 37
94 65 85
94 65 37
94 65 75
94 53 70
94 53 75
94 85 72
94 404 80
94 84 75
94 84 103
94 37 108
94 37 69
94 37 59
94 37 93
94 37 106
94 37 42
94 37 61
94 37 74
94 37 62
94 37 116
94 37 554
94 37 80
94 37 51
94 37 81
94 37 105
94 57 38
94 57 365
94 57 366
94 57 58
94 57 93
94 57 72
94 57 74
94 57 75
94 57 380
94 57 60
94 57 116
94 57 554
94 57 383
94 86 74
94 86 51
94 86 81
94 38 89
94 38 59
94 38 106
94 38 70
94 38 337
94 38 75
94 38 382
94 38 51
94 38 103
94 38 105
94 365 58
94 58 74
94 89 70
94 108 112
94 336 72
94 109 60
94 69 75
94 69 62
94 59 70
94 93 75
94 93 82
94 106 78
94 106 51
94 106 81
94 94 43
94 70 61
94 70 72
94 70 80
94 70 51
94 42 98
94 61 51
94 43 75
94 98 80
94 74 75
94 74 51
94 75 63
94 75 80
94 75 51
94 62 51
94 63 65
94 344 51
94 344 81
95 582 583
95 254 584
95 384 183
95 384 327
95 183 341
95 183 584
95 183 583
95 585 583
95 341 583
95 326 583
96 322 185
96 582 254
96 582 185
96 582 255
96 586 185
96 586 255
96 587 254
96 587 185
96 587 255
96 35 183
96 35 185
96 35 40
96 35 230
96 36 40
96 36 230
96 54 230
96 181 40
96 181 230
96 254 183
96 254 362
96 254 10
96 254 585
96 254 185
96 254 87
96 254 255
96 254 341
96 254 40
96 254 559
96 254 184
96 254 230
96 254 73
96 254 343
96 136 230
96 67 230
96 124 40
96 124 230
96 384 87
96 384 73
96 183 143
96 183 585
96 183 185
96 183 87
96 183 255
96 183 588
96 183 230
96 183 73
96 183 343
96 183 48
96 183 99
96 183 41
96 589 185
96 589 255
96 182 185
96 182 40
96 143 40
96 143 184
96 143 230
96 362 185
96 362 73
96 340 185
96 10 185
96 10 40
96 10 184
96 10 230
96 10 41
96 585 255
96 185 255
96 185 590
96 185 588
96 185 40
96 185 186
96 185 385
96 185 326
96 185 342
96 185 327
96 185 550
96 185 559
96 185 591
96 185 592
96 185 329
96 185 551
96 185 512
96 185 325
96 185 593
96 185 72
96 185 209
96 185 594
96 185 21
96 185 595
96 185 596
96 185 77
96 185 597
96 87 341
96 87 40
96 87 342
96 87 327
96 87 184
96 87 230
96 255 341
96 255 385
96 255 326
96 255 329
96 255 230
96 255 512
96 255 325
96 255 343
96 256 230
96 341 73
96 40 27
96 40 140
96 40 73
96 40 48
96 40 98
96 40 99
96 40 41
96 40 114
96 59 73
96 342 73
96 327 73
96 27 230
96 3 230
96 592 73
96 184 35
96 184 230
96 184 140
96 184 73
96 184 99
96 184 41
96 184 63
96 329 73
96 61 230
96 230 325
96 230 72
96 230 140
96 230 73
96 230 48
96 230 98
96 230 21
96 230 41
96 325 73
96 593 73
96 73 51
96 80 73
97 54 21
97 284 21
97 40 21
97 3 230
97 72 21
98 35 363
98 363 27
98 363 72
98 363 98
99 532 54
99 532 598
99 532 599
99 532 600
99 532 601
99 532 602
99 532 299
99 532 301
99 533 273
99 533 279
99 533 54
99 533 287
99 533 603
99 533 298
99 533 299
99 273 514
99 273 284
99 273 287
99 273 293
99 273 299
99 604 279
99 605 54
99 606 284
99 279 54
99 279 287
99 279 538
99 279 549
99 279 298
99 279 299
99 279 536
99 279 301
99 514 54
99 514 287
99 514 293
99 514 607
99 514 294
99 514 540
99 514 295
99 514 296
99 514 299
99 280 54
99 280 293
99 54 537
99 54 535
99 54 284
99 54 130
99 54 287
99 54 547
99 54 27
99 54 292
99 54 538
99 54 293
99 54 294
99 54 540
99 54 295
99 54 541
99 54 296
99 54 549
99 54 542
99 54 21
99 54 297
99 54 298
99 54 299
99 54 543
99 54 608
99 54 536
99 54 301
99 535 609
99 535 601
99 535 301
99 284 287
99 284 610
99 284 292
99 284 539
99 284 611
99 284 298
99 284 299
99 284 612
99 284 301
99 284 613
99 614 545
99 614 610
99 598 615
99 598 602
99 616 293
99 546 538
99 546 301
99 287 299
99 547 301
99 615 532
99 615 600
99 615 601
99 545 611
99 545 299
99 292 299
99 617 293
99 618 301
99 538 619
99 538 602
99 538 299
99 538 548
99 538 301
99 293 294
99 293 44
99 293 295
99 620 295
99 541 299
99 549 299
99 549 301
99 621 301
99 622 301
99 48 21
99 21 299
99 298 299
99 299 536
99 299 301
100 387 118
101 254 230
101 183 230
101 87 230
101 230 325
101 230 140
102 35 45
102 35 46
102 143 45
102 143 46
102 623 46
102 45 46
102 45 48
102 46 48
103 175 176
103 177 624
103 177 178
103 177 47
103 177 176
103 177 625
103 626 627
103 628 177
103 628 178
103 629 178
103 624 625
103 178 630
103 178 179
103 178 47
103 178 625
103 627 631
103 179 177
103 179 47
103 47 176
103 47 631
103 625 628
104 190 421
104 190 632
104 190 426
104 190 428
104 190 633
105 138 10
105 148 10
105 139 10
105 36 10
105 120 10
105 55 10
105 181 10
105 52 10
105 190 10
105 7 10
105 65 10
105 53 10
105 119 126
105 67 10
105 84 10
105 183 10
105 37 10
105 143 10
105 38 10
105 10 119
105 10 39
105 10 256
105 10 59
105 10 126
105 10 106
105 10 3
105 10 42
105 10 61
105 10 325
105 10 72
105 10 45
105 10 140
105 10 73
105 10 47
105 10 97
105 10 209
105 10 75
105 10 99
105 10 41
105 10 63
105 10 79
105 10 80
105 10 51
105 10 81
106 35 119
106 35 235
106 35 634
106 120 634
106 120 21
106 119 634
106 136 634
106 159 35
106 159 634
106 235 634
107 435 131
107 435 416
107 131 134
107 131 35
107 131 438
107 131 136
107 131 132
107 131 187
107 131 436
107 131 407
107 131 10
107 131 87
107 131 133
107 131 441
107 131 27
107 131 449
107 131 72
107 131 450
107 131 437
107 131 415
107 131 251
107 131 416
107 131 446
107 131 60
107 134 416
107 35 48
107 438 416
107 440 416
107 436 133
107 436 437
107 436 416
107 407 416
107 133 437
107 133 416
107 443 416
107 449 416
107 72 416
107 450 416
107 437 416
107 48 131
107 415 416
107 416 446
107 416 60
108 582 87
108 587 87
108 138 87
108 35 180
108 35 87
108 35 140
108 149 87
108 36 87
108 2 87
108 2 140
108 54 87
108 55 87
108 180 181
108 180 38
108 181 182
108 181 635
108 181 87
108 181 40
108 181 636
108 181 637
108 181 184
108 181 230
108 181 72
108 181 140
108 181 638
108 181 379
108 181 639
108 181 640
108 223 87
108 223 96
108 190 87
108 65 87
108 254 87
108 254 140
108 282 87
108 67 87
108 284 87
108 124 87
108 384 87
108 183 87
108 183 140
108 182 635
108 182 185
108 182 40
108 182 641
108 182 637
108 182 72
108 182 140
108 182 638
108 182 209
108 182 639
108 143 87
108 143 140
108 10 87
108 10 140
108 39 87
108 185 87
108 87 133
108 87 341
108 87 40
108 87 59
108 87 342
108 87 327
108 87 126
108 87 27
108 87 337
108 87 3
108 87 184
108 87 329
108 87 230
108 87 512
108 87 593
108 87 72
108 87 45
108 87 73
108 87 46
108 87 47
108 87 232
108 87 48
108 87 98
108 87 21
108 87 76
108 87 379
108 87 99
108 87 415
108 87 118
108 87 62
108 87 41
108 87 63
108 87 344
108 87 381
108 87 331
108 87 80
108 87 51
108 87 81
108 87 369
108 87 114
108 130 232
108 40 140
108 184 140
108 230 140
108 72 140
108 140 73
108 140 46
108 140 48
108 140 99
108 73 80
109 198 202
109 198 133
109 199 202
109 199 133
109 642 133
109 200 202
109 200 133
109 643 133
109 644 133
109 460 133
109 202 133
109 205 133
109 188 133
109 133 474
109 645 473
109 473 646
110 134 219
110 191 55
110 35 41
110 35 498
110 36 55
110 36 56
110 36 52
110 36 72
110 36 73
110 36 48
110 36 98
110 36 60
110 36 80
110 54 27
110 55 53
110 55 60
110 55 81
110 56 38
110 56 212
110 56 61
110 56 369
110 52 71
110 52 72
110 65 36
110 65 78
110 53 68
110 53 59
110 53 93
110 53 106
110 53 60
110 53 51
110 361 73
110 67 38
110 67 51
110 67 81
110 225 229
110 226 122
110 284 21
110 124 72
110 37 38
110 37 81
110 86 81
110 38 58
110 38 106
110 38 94
110 38 98
110 38 74
110 38 75
110 38 99
110 38 81
110 213 65
110 58 331
110 58 51
110 58 81
110 87 73
110 275 27
110 275 276
110 256 21
110 355 60
110 106 43
110 461 219
110 94 60
110 337 99
110 3 124
110 3 41
110 184 73
110 61 58
110 61 81
110 72 60
110 72 81
110 73 56
110 73 335
110 73 337
110 73 377
110 73 76
110 73 99
110 73 60
110 73 80
110 98 55
110 98 81
110 21 36
110 21 498
110 75 81
110 99 56
110 99 58
110 192 59
110 60 188
110 60 51
110 60 417
110 331 36
110 79 99
110 80 60
110 80 81
110 51 38
110 51 98
110 51 80
110 81 65
110 81 3
110 81 43
110 81 99
110 81 79
111 390 647
111 191 647
111 36 647
111 64 647
111 352 647
111 52 648
111 52 59
111 52 647
111 52 74
111 65 647
111 53 647
111 53 74
111 66 647
111 360 647
111 85 647
111 405 647
111 648 647
111 648 51
111 37 374
111 57 647
111 365 647
111 366 647
111 58 334
111 58 647
111 367 647
111 373 647
111 59 74
111 93 647
111 93 51
111 374 647
111 111 647
111 647 377
111 647 400
111 647 112
111 647 553
111 647 75
111 647 76
111 647 380
111 647 116
111 647 554
111 647 382
111 647 383
111 647 81
111 74 51
112 35 36
112 35 10
112 35 87
112 35 73
112 35 48
112 36 124
112 143 35
113 187 87
113 187 414
113 187 60
114 264 229
114 451 229
114 134 229
114 134 122
114 219 229
114 388 229
114 35 229
114 35 3
114 149 229
114 117 229
114 54 27
114 223 229
114 158 229
114 119 229
114 136 229
114 225 229
114 226 229
114 124 229
114 452 229
114 529 229
114 188 229
114 408 229
114 133 229
114 130 229
114 27 229
114 229 153
114 229 122
114 229 462
114 229 232
114 229 463
114 229 434
114 229 162
115 55 59
115 52 66
115 52 348
115 52 59
115 52 358
115 65 66
115 65 84
115 65 348
115 65 59
115 53 59
115 37 59
115 38 59
115 58 62
115 89 59
115 89 70
115 59 93
115 59 70
115 59 95
115 59 61
115 59 43
115 59 76
115 59 62
115 59 78
115 59 80
115 59 51
115 59 81
115 93 61
115 43 81
115 99 80
115 80 358
116 35 303
116 649 303
117 131 416
117 393 407
117 134 122
117 219 226
117 35 27
117 35 48
117 87 140
117 130 232
117 98 99
118 35 87
118 2 87
118 181 182
118 181 73
118 181 41
118 7 87
118 254 87
118 10 87
118 87 141
118 87 325
118 87 303
118 87 114
119 219 226
119 124 122
119 258 434
119 130 232
119 650 258
120 35 118
120 149 118
120 173 118
120 10 118
120 72 118
121 456 381
121 381 57
121 381 651
121 381 457
122 35 36
122 35 10
122 35 27
122 35 21
123 451 388
123 134 388
123 388 458
123 388 117
123 388 225
123 388 226
123 388 124
123 388 460
123 388 133
123 388 130
123 388 229
123 388 387
123 388 462
123 388 232
123 53 96
123 72 96
124 36 84
124 36 108
124 36 81
124 55 84
124 55 38
124 55 58
124 55 68
124 55 94
124 55 60
124 55 81
124 55 82
124 56 38
124 56 61
124 56 99
124 52 65
124 52 84
124 52 38
124 52 69
124 52 106
124 52 70
124 52 71
124 52 80
124 52 51
124 52 81
124 52 82
124 65 53
124 65 84
124 65 57
124 65 38
124 65 108
124 65 93
124 65 61
124 65 72
124 65 62
124 65 41
124 65 78
124 65 60
124 65 51
124 65 81
124 53 84
124 53 38
124 53 69
124 53 60
124 53 80
124 53 81
124 67 38
124 67 58
124 67 69
124 67 42
124 67 61
124 67 99
124 67 62
124 84 37
124 84 38
124 84 58
124 84 256
124 84 69
124 84 59
124 84 93
124 84 106
124 84 560
124 84 141
124 84 61
124 84 43
124 84 72
124 84 209
124 84 21
124 84 75
124 84 76
124 84 99
124 84 62
124 84 41
124 84 77
124 84 80
124 84 51
124 84 81
124 37 38
124 37 81
124 57 62
124 86 78
124 86 81
124 38 58
124 38 108
124 38 59
124 38 93
124 38 70
124 38 141
124 38 43
124 38 98
124 38 74
124 38 75
124 38 76
124 38 99
124 38 62
124 38 41
124 38 63
124 38 78
124 38 80
124 38 51
124 38 81
124 10 81
124 58 61
124 58 99
124 58 62
124 367 108
124 367 72
124 367 81
124 87 81
124 68 80
124 68 51
124 108 69
124 108 141
124 108 61
124 108 72
124 108 209
124 108 76
124 108 80
124 256 81
124 69 59
124 69 72
124 69 99
124 69 51
124 69 81
124 59 80
124 59 81
124 27 81
124 93 81
124 106 81
124 94 80
124 94 51
124 141 81
124 42 81
124 61 98
124 61 81
124 43 76
124 43 81
124 72 350
124 72 81
124 209 81
124 98 99
124 98 62
124 98 81
124 21 81
124 75 81
124 76 63
124 76 81
124 99 81
124 62 60
124 62 80
124 62 81
124 41 81
124 77 81
124 63 80
124 63 51
124 63 81
124 60 80
124 60 51
124 80 51
124 80 81
124 350 81
124 101 51
124 101 81
124 51 81
124 51 82
124 81 105
125 451 35
125 272 27
125 272 513
125 134 27
125 134 229
125 219 35
125 652 653
125 652 276
125 138 279
125 138 281
125 138 139
125 138 10
125 138 87
125 138 275
125 138 40
125 138 654
125 138 27
125 138 290
125 138 655
125 138 276
125 138 656
125 138 73
125 138 286
125 138 277
125 138 21
125 138 41
125 138 278
125 35 117
125 35 27
125 35 44
125 657 658
125 148 27
125 149 27
125 279 275
125 514 513
125 280 44
125 281 275
125 281 27
125 281 276
125 281 286
125 139 275
125 139 27
125 36 27
125 54 27
125 223 27
125 223 96
125 119 27
125 136 27
125 226 27
125 226 232
125 284 27
125 143 27
125 285 513
125 10 27
125 10 44
125 39 27
125 39 44
125 151 27
125 87 27
125 515 21
125 133 27
125 130 27
125 274 288
125 274 27
125 274 513
125 288 27
125 288 44
125 288 21
125 288 513
125 275 27
125 275 659
125 275 276
125 275 656
125 275 542
125 275 286
125 275 21
125 275 660
125 40 27
125 59 27
125 516 513
125 126 27
125 517 27
125 517 44
125 517 21
125 654 277
125 27 290
125 27 291
125 27 153
125 27 293
125 27 96
125 27 3
125 27 276
125 27 230
125 27 72
125 27 44
125 27 45
125 27 73
125 27 46
125 27 47
125 27 286
125 27 277
125 27 48
125 27 21
125 27 415
125 27 300
125 27 41
125 27 278
125 27 498
125 27 81
125 661 653
125 290 276
125 291 44
125 291 21
125 291 513
125 662 653
125 662 276
125 663 653
125 663 276
125 664 276
125 658 138
125 658 276
125 293 44
125 293 513
125 659 276
125 653 276
125 653 665
125 276 656
125 276 665
125 276 286
125 44 21
125 44 513
125 44 498
125 295 513
125 277 278
125 21 513
125 513 300
125 513 498
125 536 278
126 273 21
126 138 21
126 148 21
126 279 21
126 279 301
126 120 21
126 2 8
126 2 21
126 163 21
126 52 21
126 190 21
126 158 21
126 65 21
126 53 21
126 282 46
126 282 21
126 666 21
126 8 21
126 143 21
126 39 21
126 151 21
126 275 21
126 59 21
126 126 21
126 27 21
126 291 21
126 292 21
126 153 21
126 538 21
126 293 21
126 44 21
126 295 21
126 296 21
126 45 21
126 46 45
126 46 21
126 47 21
126 21 297
126 21 299
126 21 76
126 21 162
126 21 498
126 21 156
126 21 80
126 21 81
127 134 223
127 219 223
127 35 36
127 35 223
127 35 10
127 35 72
127 35 73
127 148 223
127 149 223
127 54 223
127 223 158
127 223 119
127 223 136
127 223 124
127 223 197
127 223 249
127 223 27
127 223 229
127 223 153
127 223 122
127 223 96
127 223 189
127 223 21
127 223 162
127 223 250
127 223 240
127 21 27
128 148 153
128 27 21
129 254 40
129 183 40
129 10 40
129 87 40
129 40 327
129 40 329
129 40 325
129 40 41
130 273 514
131 453 381
131 454 381
131 10 381
131 667 381
131 455 381
132 668 669
132 264 117
132 503 117
132 504 117
132 451 117
132 669 117
132 528 117
132 134 117
132 219 117
132 388 117
132 388 452
132 458 117
132 35 117
132 35 27
132 149 117
132 117 36
132 117 225
132 117 226
132 117 124
132 117 460
132 117 452
132 117 529
132 117 508
132 117 258
132 117 133
132 117 130
132 117 40
132 117 229
132 117 387
132 117 257
132 117 122
132 117 462
132 117 230
132 117 72
132 117 650
132 117 232
132 117 463
132 117 189
132 117 434
132 117 510
132 225 452
132 124 452
132 124 21
132 452 133
132 452 130
132 452 229
132 452 462
132 452 232
132 452 434
132 258 434
132 130 257
132 130 434
132 229 257
132 257 434
133 390 59
133 390 93
133 390 73
133 391 60
133 392 209
133 134 73
133 191 61
133 191 209
133 50 65
133 50 10
133 50 59
133 50 73
133 35 89
133 35 59
133 35 73
133 35 79
133 394 59
133 36 55
133 36 56
133 36 52
133 36 65
133 36 53
133 36 67
133 36 84
133 36 86
133 36 38
133 36 396
133 36 58
133 36 348
133 36 69
133 36 59
133 36 94
133 36 375
133 36 42
133 36 61
133 36 230
133 36 72
133 36 73
133 36 209
133 36 75
133 36 99
133 36 62
133 36 63
133 36 78
133 36 331
133 36 79
133 36 80
133 36 100
133 36 51
133 36 81
133 120 59
133 419 59
133 210 72
133 55 56
133 55 85
133 55 38
133 55 68
133 55 59
133 55 42
133 55 61
133 55 400
133 55 72
133 55 73
133 55 209
133 55 76
133 55 82
133 56 52
133 56 53
133 56 67
133 56 85
133 56 212
133 56 61
133 56 72
133 56 73
133 56 74
133 56 99
133 56 62
133 56 78
133 56 51
133 64 63
133 352 72
133 352 78
133 352 80
133 181 38
133 181 42
133 181 72
133 181 73
133 52 65
133 52 66
133 52 86
133 52 59
133 52 111
133 52 375
133 52 61
133 52 112
133 52 73
133 52 209
133 52 98
133 52 76
133 52 62
133 52 344
133 52 78
133 52 60
133 52 80
133 52 100
133 52 51
133 223 59
133 223 96
133 190 59
133 65 396
133 65 58
133 65 87
133 65 59
133 65 93
133 65 403
133 65 375
133 65 42
133 65 61
133 65 43
133 65 112
133 65 72
133 65 73
133 65 209
133 65 76
133 65 79
133 65 100
133 65 51
133 65 262
133 65 105
133 254 73
133 53 66
133 53 193
133 53 194
133 53 86
133 53 38
133 53 39
133 53 59
133 53 94
133 53 70
133 53 71
133 53 42
133 53 61
133 53 72
133 53 73
133 53 209
133 53 76
133 53 99
133 53 62
133 53 344
133 53 78
133 53 80
133 53 100
133 53 382
133 53 51
133 66 51
133 66 81
133 119 59
133 282 59
133 360 73
133 360 78
133 360 51
133 346 73
133 361 73
133 361 99
133 136 73
133 193 59
133 193 71
133 67 38
133 67 58
133 67 371
133 67 211
133 67 374
133 67 42
133 67 61
133 67 230
133 67 72
133 67 73
133 67 76
133 67 99
133 67 51
133 194 89
133 194 59
133 552 94
133 552 51
133 284 73
133 85 38
133 85 58
133 85 59
133 85 51
133 124 59
133 353 72
133 353 73
133 404 80
133 405 51
133 84 10
133 84 59
133 84 73
133 84 209
133 84 78
133 84 51
133 384 73
133 183 73
133 183 99
133 182 209
133 406 51
133 406 82
133 37 59
133 37 375
133 37 72
133 37 73
133 37 209
133 37 76
133 37 62
133 37 51
133 143 59
133 143 73
133 395 73
133 57 365
133 57 209
133 57 74
133 57 554
133 57 383
133 57 51
133 86 10
133 86 59
133 86 106
133 86 72
133 86 73
133 86 209
133 86 99
133 86 41
133 86 344
133 86 60
133 86 51
133 86 81
133 38 10
133 38 59
133 38 106
133 38 111
133 38 72
133 38 74
133 38 49
133 38 75
133 38 76
133 38 99
133 38 78
133 38 60
133 38 51
133 38 81
133 396 10
133 396 42
133 396 72
133 396 73
133 396 209
133 396 98
133 396 76
133 396 79
133 396 80
133 396 51
133 396 81
133 362 73
133 10 69
133 10 59
133 10 42
133 10 61
133 10 73
133 10 209
133 10 62
133 10 78
133 10 79
133 10 100
133 10 51
133 10 103
133 10 114
133 10 262
133 39 73
133 185 72
133 185 209
133 58 332
133 58 211
133 58 72
133 58 73
133 58 99
133 58 78
133 58 331
133 58 51
133 58 114
133 367 73
133 368 60
133 397 93
133 87 59
133 87 106
133 87 61
133 87 73
133 87 99
133 87 331
133 87 80
133 87 51
133 87 114
133 68 59
133 68 61
133 68 72
133 68 73
133 68 60
133 68 51
133 107 94
133 107 51
133 370 209
133 370 76
133 370 51
133 89 59
133 89 70
133 89 192
133 214 59
133 214 72
133 335 73
133 335 99
133 371 59
133 371 72
133 371 209
133 372 73
133 336 99
133 109 670
133 109 60
133 109 51
133 256 61
133 69 59
133 69 92
133 69 93
133 69 375
133 69 61
133 69 72
133 69 73
133 69 209
133 69 74
133 69 76
133 69 41
133 69 80
133 69 51
133 341 73
133 40 73
133 40 99
133 40 114
133 59 126
133 59 93
133 59 106
133 59 94
133 59 70
133 59 403
133 59 410
133 59 95
133 59 71
133 59 211
133 59 375
133 59 349
133 59 178
133 59 399
133 59 42
133 59 61
133 59 43
133 59 72
133 59 45
133 59 73
133 59 46
133 59 47
133 59 209
133 59 21
133 59 195
133 59 75
133 59 76
133 59 99
133 59 192
133 59 62
133 59 41
133 59 63
133 59 78
133 59 303
133 59 411
133 59 79
133 59 80
133 59 51
133 59 81
133 59 82
133 59 115
133 59 104
133 59 412
133 342 73
133 327 73
133 92 72
133 92 209
133 27 73
133 93 43
133 93 72
133 93 73
133 93 209
133 93 51
133 106 61
133 106 72
133 106 73
133 106 209
133 106 51
133 94 72
133 94 73
133 94 209
133 94 74
133 94 60
133 94 80
133 94 51
133 70 192
133 71 51
133 211 72
133 211 209
133 374 42
133 374 72
133 374 73
133 374 209
133 374 79
133 374 80
133 111 72
133 111 73
133 111 209
133 375 73
133 375 209
133 375 80
133 375 81
133 349 72
133 349 73
133 337 73
133 337 99
133 141 73
133 141 209
133 110 73
133 376 73
133 592 73
133 399 72
133 399 73
133 212 72
133 377 73
133 42 72
133 42 74
133 42 75
133 42 76
133 42 62
133 42 41
133 42 80
133 42 51
133 42 81
133 184 73
133 184 99
133 184 63
133 329 73
133 61 43
133 61 230
133 61 72
133 61 73
133 61 97
133 61 98
133 61 21
133 61 74
133 61 49
133 61 75
133 61 76
133 61 99
133 61 41
133 61 78
133 61 79
133 61 101
133 61 51
133 61 81
133 61 351
133 61 105
133 43 72
133 43 45
133 43 73
133 43 47
133 43 209
133 43 49
133 43 303
133 400 209
133 230 72
133 230 73
133 333 58
133 325 73
133 593 73
133 72 73
133 72 209
133 72 98
133 72 49
133 72 75
133 72 76
133 72 99
133 72 78
133 72 60
133 72 79
133 72 80
133 72 100
133 72 51
133 72 82
133 72 358
133 72 369
133 72 114
133 72 105
133 45 73
133 140 73
133 140 99
133 73 46
133 73 48
133 73 98
133 73 501
133 73 21
133 73 74
133 73 49
133 73 75
133 73 76
133 73 379
133 73 99
133 73 62
133 73 386
133 73 41
133 73 63
133 73 196
133 73 78
133 73 60
133 73 331
133 73 79
133 73 80
133 73 101
133 73 51
133 73 81
133 73 82
133 73 115
133 73 351
133 73 83
133 73 369
133 73 114
133 73 359
133 73 105
133 209 395
133 209 70
133 209 98
133 209 74
133 209 49
133 209 75
133 209 76
133 209 99
133 209 62
133 209 77
133 209 63
133 209 344
133 209 78
133 209 60
133 209 331
133 209 79
133 209 80
133 209 350
133 209 382
133 209 51
133 209 81
133 209 103
133 209 83
133 209 114
133 209 105
133 98 74
133 98 99
133 98 78
133 98 80
133 98 51
133 21 80
133 74 99
133 74 41
133 74 80
133 49 80
133 49 359
133 75 78
133 75 80
133 75 51
133 75 105
133 76 86
133 76 99
133 76 62
133 76 78
133 76 80
133 76 100
133 76 51
133 76 81
133 99 42
133 99 41
133 99 80
133 99 51
133 99 369
133 380 62
133 62 51
133 41 78
133 41 80
133 41 100
133 41 51
133 41 103
133 41 262
133 63 80
133 78 80
133 78 51
133 78 351
133 60 51
133 60 417
133 116 51
133 79 51
133 80 382
133 80 51
133 80 81
133 80 351
133 100 51
133 51 81
133 51 82
133 51 104
133 82 671
133 115 83
133 369 114
134 54 672
134 284 610
134 284 612
134 614 545
134 614 610
134 612 614
135 54 673
136 322 185
136 322 184
136 134 230
136 134 72
136 587 185
136 587 255
136 587 184
136 35 149
136 35 120
136 35 136
136 35 185
136 35 40
136 35 184
136 35 230
136 149 10
136 149 230
136 149 21
136 117 40
136 117 230
136 36 230
136 54 230
136 181 183
136 52 73
136 254 511
136 254 384
136 254 183
136 254 362
136 254 340
136 254 185
136 254 255
136 254 341
136 254 40
136 254 342
136 254 550
136 254 559
136 254 184
136 254 230
136 254 325
136 254 72
136 254 343
136 254 674
136 254 386
136 254 41
136 254 324
136 254 675
136 53 230
136 53 72
136 53 73
136 136 10
136 136 230
136 136 21
136 67 183
136 67 362
136 67 40
136 67 230
136 67 72
136 226 35
136 226 40
136 226 230
136 511 255
136 84 40
136 84 76
136 384 87
136 384 325
136 676 183
136 676 329
136 183 185
136 183 87
136 183 255
136 183 341
136 183 40
136 183 385
136 183 342
136 183 184
136 183 230
136 183 325
136 183 73
136 183 343
136 183 21
136 183 41
136 183 677
136 182 185
136 182 40
136 678 185
136 38 40
136 38 230
136 362 185
136 362 87
136 362 230
136 362 325
136 362 343
136 340 185
136 340 40
136 340 184
136 340 41
136 10 185
136 10 40
136 10 184
136 10 230
136 185 679
136 185 87
136 185 255
136 185 680
136 185 588
136 185 40
136 185 186
136 185 385
136 185 326
136 185 342
136 185 327
136 185 550
136 185 681
136 185 559
136 185 682
136 185 592
136 185 329
136 185 683
136 185 551
136 185 684
136 185 512
136 185 325
136 185 593
136 185 685
136 185 72
136 185 209
136 185 674
136 185 21
136 185 686
136 185 595
136 185 596
136 185 386
136 185 77
136 185 687
136 185 597
136 185 324
136 185 675
136 185 688
136 87 40
136 87 385
136 87 326
136 87 592
136 87 184
136 87 230
136 87 325
136 87 343
136 87 595
136 87 386
136 87 688
136 689 329
136 690 40
136 690 328
136 690 184
136 690 325
136 133 40
136 133 230
136 255 588
136 255 341
136 255 385
136 255 326
136 255 327
136 255 592
136 255 329
136 255 230
136 255 512
136 255 325
136 255 343
136 341 184
136 341 230
136 341 325
136 40 141
136 40 325
136 40 72
136 40 140
136 40 73
136 40 21
136 40 99
136 40 62
136 40 41
136 40 100
136 385 184
136 385 325
136 326 184
136 326 325
136 342 230
136 342 343
136 342 41
136 327 184
136 327 325
136 153 21
136 141 230
136 559 184
136 328 325
136 3 230
136 592 184
136 592 325
136 184 329
136 184 230
136 184 512
136 184 325
136 184 72
136 184 73
136 184 343
136 184 21
136 329 325
136 329 677
136 230 325
136 230 72
136 230 73
136 230 47
136 230 343
136 230 48
136 230 98
136 230 21
136 230 99
136 230 41
136 230 81
136 325 343
136 325 595
136 325 324
136 72 73
136 73 343
136 73 76
136 343 41
137 576 253
137 134 408
137 134 461
137 134 253
137 225 408
137 225 461
137 124 408
137 124 354
137 124 461
137 124 253
137 408 130
137 408 354
137 408 232
137 130 461
137 130 253
137 354 461
137 354 572
137 229 461
137 461 122
137 461 306
137 461 232
137 122 253
137 122 530
137 253 232
137 253 189
137 189 530
138 36 74
138 52 43
138 52 74
138 65 74
138 65 75
138 53 74
138 67 501
138 84 61
138 37 79
138 38 74
138 59 74
138 106 51
138 42 74
138 61 74
138 209 74
138 98 74
138 501 74
138 501 99
138 74 76
138 74 79
138 74 51
139 183 325
139 185 690
139 185 328
139 690 40
139 690 691
139 690 325
139 40 325
139 342 325
139 328 325
139 184 325
139 325 185
139 325 593
139 325 692
140 35 141
140 52 141
140 65 141
140 53 141
140 143 141
140 86 141
140 38 141
140 87 141
140 256 141
140 40 141
140 141 3
140 141 42
140 141 61
140 141 43
140 141 230
140 141 72
140 141 73
140 141 209
140 141 98
140 141 41
140 141 78
140 141 79
140 141 80
140 141 81
141 134 21
141 72 61
141 72 73
142 676 183
142 676 329
142 689 329
142 329 677
143 134 21
144 10 381
144 87 381
144 230 381
144 72 381
145 124 126
146 257 258
147 35 10
147 190 283
147 283 39
148 322 87
148 131 87
148 134 87
148 138 87
148 35 87
148 35 140
148 36 87
148 36 140
148 2 87
148 56 87
148 180 181
148 181 183
148 181 182
148 181 635
148 181 87
148 181 641
148 181 637
148 181 376
148 181 140
148 181 379
148 52 87
148 7 87
148 7 140
148 65 87
148 65 140
148 53 87
148 282 87
148 136 87
148 67 87
148 226 87
148 353 140
148 384 87
148 183 87
148 182 185
148 182 40
148 182 641
148 182 637
148 182 72
148 182 140
148 182 638
148 182 209
148 182 639
148 143 87
148 38 87
148 38 140
148 362 87
148 10 87
148 39 87
148 185 87
148 58 87
148 323 87
148 87 690
148 87 133
148 87 40
148 87 385
148 87 326
148 87 106
148 87 141
148 87 3
148 87 592
148 87 184
148 87 61
148 87 230
148 87 325
148 87 72
148 87 45
148 87 73
148 87 46
148 87 47
148 87 343
148 87 48
148 87 21
148 87 76
148 87 595
148 87 99
148 87 415
148 87 62
148 87 386
148 87 41
148 87 63
148 87 331
148 87 51
148 87 688
148 87 369
148 87 114
148 87 262
148 130 134
148 40 140
148 3 140
148 376 72
148 230 140
148 325 140
148 72 140
148 140 73
148 140 98
148 140 99
148 140 331
148 48 140
149 693 143
149 693 48
149 693 339
149 694 143
149 143 695
149 143 48
149 696 48
149 695 48
149 48 697
149 48 698
150 198 199
150 198 200
150 198 202
150 198 500
150 198 473
150 198 208
150 198 646
150 199 642
150 199 201
150 199 202
150 199 500
150 199 204
150 199 205
150 199 699
150 199 133
150 199 700
150 199 473
150 199 208
150 131 473
150 642 473
150 200 202
150 200 473
150 200 208
150 701 473
150 388 473
150 643 500
150 643 473
150 252 473
150 201 473
150 644 473
150 124 473
150 460 500
150 202 500
150 202 205
150 202 699
150 202 473
150 702 473
150 500 473
150 204 473
150 703 473
150 205 473
150 699 473
150 188 473
150 704 473
150 207 473
150 473 251
150 473 118
150 473 208
150 473 646
150 473 705
151 134 35
151 134 122
151 35 149
151 35 190
151 35 119
151 35 39
151 35 27
151 35 649
151 35 706
151 35 96
151 35 45
151 35 46
151 35 47
151 35 707
151 35 708
151 35 498
151 35 303
151 190 21
151 190 498
151 10 498
151 39 27
151 39 21
151 39 498
151 39 709
151 289 498
151 27 498
151 21 498
151 498 709
152 134 408
152 134 354
152 134 571
152 134 253
152 219 226
152 219 461
152 710 354
152 710 461
152 710 571
152 35 10
152 35 408
152 35 461
152 149 354
152 711 408
152 711 253
152 119 354
152 712 354
152 713 710
152 713 354
152 136 354
152 136 461
152 225 408
152 225 354
152 225 461
152 226 354
152 226 253
152 714 253
152 714 715
152 124 408
152 124 354
152 124 461
152 124 571
152 124 572
152 124 253
152 124 573
152 716 408
152 717 354
152 717 122
152 717 718
152 717 573
152 719 461
152 719 720
152 719 721
152 408 710
152 408 130
152 408 135
152 408 722
152 408 354
152 408 229
152 408 461
152 408 462
152 408 572
152 408 72
152 408 253
152 408 232
152 408 723
152 408 530
152 408 720
152 408 573
152 130 354
152 130 461
152 130 253
152 130 530
152 135 253
152 476 573
152 354 219
152 354 126
152 354 27
152 354 461
152 354 571
152 354 122
152 354 462
152 354 724
152 354 572
152 354 253
152 354 725
152 354 232
152 354 726
152 354 530
152 354 720
152 354 718
152 354 573
152 354 721
152 27 461
152 27 253
152 229 461
152 229 253
152 229 530
152 461 134
152 461 713
152 461 122
152 461 462
152 461 572
152 461 253
152 461 232
152 461 726
152 461 720
152 461 573
152 461 721
152 571 726
152 122 408
152 122 253
152 122 530
152 122 718
152 724 720
152 724 721
152 572 571
152 572 573
152 230 72
152 253 232
152 725 718
152 715 573
152 232 530
152 726 134
152 189 530
152 189 718
152 718 712
152 573 718
152 573 320
153 36 52
153 55 52
153 52 65
153 52 37
153 52 86
153 52 69
153 52 59
153 52 106
153 52 94
153 52 70
153 52 61
153 52 75
153 52 76
153 52 62
153 52 63
153 52 78
153 52 80
153 52 51
153 52 105
153 65 42
153 65 81
153 84 80
153 89 59
153 94 60
153 79 80
154 7 8
154 7 10
154 7 12
154 7 27
154 7 21
154 7 41
155 134 3
155 219 3
155 1 2
155 1 3
155 35 136
155 35 3
155 4 2
155 4 3
155 5 3
155 2 6
155 2 8
155 2 9
155 2 10
155 2 87
155 2 11
155 2 12
155 2 13
155 2 3
155 2 14
155 2 230
155 2 15
155 2 16
155 2 20
155 2 18
155 2 19
155 54 3
155 54 21
155 6 8
155 6 11
155 6 3
155 22 3
155 23 3
155 24 3
155 226 3
155 25 3
155 284 3
155 8 11
155 8 3
155 8 19
155 124 3
155 183 3
155 9 11
155 9 3
155 10 3
155 87 3
155 11 3
155 26 19
155 40 3
155 12 3
155 12 41
155 27 3
155 28 3
155 13 3
155 29 3
155 141 3
155 3 14
155 3 184
155 3 230
155 3 15
155 3 72
155 3 20
155 3 140
155 3 73
155 3 30
155 3 48
155 3 21
155 3 17
155 3 18
155 3 31
155 3 41
155 3 32
155 3 33
155 3 34
155 3 81
155 3 19
156 149 96
156 727 728
156 727 96
156 729 730
156 729 96
156 731 96
156 728 96
156 730 96
157 313 309
157 124 316
157 316 309
157 316 311
157 309 311
158 284 21
158 72 21
159 533 54
159 533 299
159 273 279
159 273 284
159 279 54
159 279 284
159 279 287
159 279 297
159 279 299
159 279 301
159 514 54
159 514 293
159 514 294
159 514 296
159 514 299
159 54 284
159 54 293
159 54 294
159 54 299
159 54 301
159 284 299
159 292 299
159 299 301
160 124 187
160 132 187
160 187 414
160 187 415
160 187 60
160 414 60
161 147 226
161 451 226
161 217 226
161 134 226
161 219 226
161 388 226
161 458 226
161 35 226
161 35 143
161 148 226
161 149 226
161 117 226
161 36 226
161 218 226
161 120 226
161 54 226
161 52 226
161 223 226
161 158 226
161 119 226
161 136 226
161 225 226
161 226 124
161 226 460
161 226 518
161 226 500
161 226 150
161 226 407
161 226 452
161 226 10
161 226 151
161 226 87
161 226 188
161 226 408
161 226 133
161 226 130
161 226 354
161 226 40
161 226 126
161 226 27
161 226 229
161 226 461
161 226 257
161 226 153
161 226 122
161 226 462
161 226 306
161 226 96
161 226 3
161 226 520
161 226 230
161 226 72
161 226 253
161 226 73
161 226 47
161 226 232
161 226 463
161 226 48
161 226 21
161 226 311
161 226 162
161 284 21
161 407 251
161 39 27
161 45 48
162 35 649
162 35 303
162 35 732
162 36 303
162 190 649
162 282 733
162 143 649
162 143 303
162 87 303
162 89 649
162 59 303
162 649 733
162 649 46
162 649 303
162 734 303
162 735 303
162 733 46
162 733 48
162 733 303
162 733 732
162 45 303
162 140 303
162 21 303
162 303 736
162 303 732
163 273 284
163 273 27
163 273 293
163 273 295
163 273 21
163 273 299
163 279 301
163 280 293
163 54 283
163 54 284
163 54 39
163 54 287
163 54 27
163 54 44
163 54 48
163 54 21
163 54 298
163 54 299
163 54 301
163 283 293
163 283 299
163 284 287
163 284 27
163 284 21
163 284 299
163 284 301
163 274 299
163 287 21
163 27 293
163 27 299
163 27 301
163 538 301
163 293 44
163 293 295
163 293 299
163 44 299
163 21 298
163 298 299
163 299 301
164 35 126
164 226 126
164 10 126
164 126 27
165 576 134
165 134 737
165 738 737
165 738 739
165 738 740
166 35 54
166 54 27
166 54 293
166 54 294
166 54 295
166 54 299
166 284 21
166 284 299
166 27 299
166 293 295
166 293 21
166 294 21
166 295 21
166 21 299
167 503 451
167 451 741
167 451 134
167 451 219
167 451 388
167 451 458
167 451 35
167 451 149
167 451 459
167 451 117
167 451 223
167 451 136
167 451 225
167 451 226
167 451 124
167 451 460
167 451 452
167 451 133
167 451 474
167 451 130
167 451 229
167 451 387
167 451 462
167 451 232
167 451 463
167 451 434
167 451 118
167 35 10
167 35 27
168 451 134
168 451 117
168 451 130
168 451 520
169 131 132
169 136 135
169 124 135
169 124 476
169 135 132
169 135 476
170 117 742
170 218 742
170 121 742
170 119 742
170 226 742
170 130 742
170 126 742
170 461 742
170 253 742
171 121 119
171 123 119
171 119 125
171 119 129
172 215 120
172 215 159
172 147 216
172 147 148
172 147 149
172 147 136
172 147 164
172 217 136
172 155 148
172 155 149
172 155 120
172 157 149
172 157 136
172 220 149
172 216 149
172 216 136
172 216 151
172 216 160
172 216 171
172 221 149
172 148 149
172 148 120
172 148 163
172 148 158
172 148 136
172 148 150
172 148 151
172 148 222
172 148 153
172 148 154
172 148 162
172 148 156
172 149 218
172 149 120
172 149 163
172 149 158
172 149 136
172 149 224
172 149 150
172 149 151
172 149 164
172 149 165
172 149 222
172 149 227
172 149 152
172 149 228
172 149 160
172 149 153
172 149 161
172 149 154
172 149 231
172 149 171
172 149 162
172 149 233
172 149 156
172 120 136
172 120 234
172 120 159
172 120 169
172 120 235
172 120 236
172 120 237
172 120 238
172 120 239
172 120 160
172 120 153
172 120 170
172 120 171
172 120 240
172 120 156
172 163 153
172 158 151
172 158 153
172 241 136
172 136 159
172 136 242
172 136 151
172 136 164
172 136 235
172 136 165
172 136 172
172 136 244
172 136 236
172 136 152
172 136 228
172 136 160
172 136 153
172 136 170
172 136 154
172 136 171
172 136 166
172 136 233
172 136 240
172 167 159
172 224 245
172 159 168
172 159 169
172 159 237
172 159 239
172 243 240
172 151 153
172 151 161
172 151 154
172 151 246
172 151 171
172 151 247
172 151 248
172 164 152
172 164 160
172 164 154
172 164 171
172 165 152
172 172 166
172 249 153
172 227 164
172 238 153
172 160 170
172 153 154
172 153 162
172 153 250
172 153 156
172 245 149
172 247 149
173 36 99
173 36 62
173 36 350
173 36 114
173 55 52
173 55 106
173 55 94
173 55 110
173 55 75
173 55 99
173 55 62
173 55 81
173 56 99
173 56 62
173 56 331
173 52 65
173 52 69
173 52 61
173 52 99
173 52 62
173 52 80
173 52 81
173 65 84
173 65 37
173 65 86
173 65 62
173 65 81
173 53 88
173 53 106
173 53 99
173 53 62
173 67 58
173 67 99
173 67 114
173 85 86
173 85 69
173 85 78
173 84 37
173 84 86
173 84 69
173 84 111
173 84 61
173 84 62
173 37 42
173 37 99
173 37 80
173 57 62
173 57 63
173 86 99
173 86 81
173 38 106
173 38 99
173 38 62
173 38 81
173 38 114
173 58 99
173 58 62
173 259 62
173 87 99
173 87 62
173 68 72
173 68 62
173 68 78
173 68 60
173 68 80
173 68 82
173 88 81
173 90 72
173 90 81
173 371 99
173 371 81
173 372 99
173 373 81
173 109 60
173 69 93
173 69 209
173 69 75
173 69 99
173 69 62
173 69 51
173 69 81
173 40 99
173 40 62
173 59 93
173 59 61
173 59 62
173 59 81
173 93 62
173 93 80
173 93 51
173 93 81
173 106 81
173 94 62
173 94 78
173 94 60
173 211 81
173 111 62
173 42 99
173 61 99
173 61 78
173 61 81
173 61 114
173 43 80
173 43 105
173 230 99
173 72 99
173 72 62
173 72 331
173 72 114
173 73 99
173 97 62
173 209 99
173 209 62
173 209 114
173 98 99
173 98 62
173 98 331
173 75 62
173 75 81
173 76 99
173 76 62
173 76 79
173 76 114
173 99 41
173 99 63
173 99 78
173 99 79
173 99 80
173 99 350
173 99 51
173 99 81
173 62 41
173 62 78
173 62 60
173 62 331
173 62 79
173 62 80
173 62 350
173 62 51
173 62 81
173 62 114
173 41 114
173 78 60
173 79 105
173 80 81
173 80 114
173 350 81
173 51 82
173 81 105
174 189 134
175 147 148
175 147 149
175 147 136
175 147 124
175 147 150
175 147 151
175 147 152
175 147 153
175 147 154
175 217 149
175 217 136
175 217 166
175 216 151
175 216 164
175 148 149
175 148 120
175 148 158
175 148 136
175 148 150
175 148 743
175 148 151
175 148 222
175 148 744
175 148 153
175 148 154
175 148 248
175 148 156
175 149 120
175 149 158
175 149 136
175 149 124
175 149 150
175 149 151
175 149 165
175 149 222
175 149 152
175 149 269
175 149 153
175 149 745
175 149 271
175 149 162
175 36 136
175 218 151
175 218 153
175 120 136
175 120 159
175 120 151
175 120 169
175 120 235
175 120 238
175 120 153
175 163 151
175 163 153
175 223 249
175 223 153
175 158 124
175 158 151
175 158 153
175 158 96
175 158 154
175 241 136
175 136 124
175 136 159
175 136 150
175 136 151
175 136 164
175 136 235
175 136 165
175 136 268
175 136 172
175 136 227
175 136 152
175 136 269
175 136 135
175 136 126
175 136 153
175 136 154
175 136 232
175 136 271
175 136 166
175 136 233
175 136 240
175 159 169
175 159 235
175 150 151
175 150 153
175 151 164
175 151 222
175 151 249
175 151 152
175 151 153
175 151 154
175 151 246
175 151 247
175 151 248
175 151 156
175 165 166
175 172 166
175 249 153
175 238 153
175 152 154
175 153 154
175 153 162
175 153 250
175 153 156
176 532 301
176 533 279
176 533 54
176 533 298
176 533 299
176 273 299
176 604 279
176 534 535
176 534 301
176 605 54
176 279 54
176 279 287
176 279 549
176 279 299
176 279 536
176 279 301
176 514 54
176 514 537
176 514 293
176 514 294
176 514 295
176 280 293
176 54 537
176 54 284
176 54 287
176 54 293
176 54 539
176 54 294
176 54 540
176 54 295
176 54 541
176 54 296
176 54 542
176 54 21
176 54 297
176 54 298
176 54 299
176 54 746
176 54 543
176 54 608
176 54 301
176 535 301
176 546 301
176 287 299
176 547 301
176 545 299
176 618 301
176 538 299
176 538 548
176 293 294
176 293 44
176 293 295
176 600 602
176 540 296
176 549 301
176 602 301
176 298 299
176 299 301
176 548 301
177 264 117
177 35 21
178 147 21
178 273 21
178 138 21
178 35 21
178 148 21
178 149 21
178 279 21
178 139 21
178 117 124
178 36 21
178 120 21
178 54 21
178 163 21
178 52 21
178 223 21
178 190 21
178 158 21
178 65 21
178 53 21
178 119 21
178 282 46
178 282 21
178 136 21
178 284 21
178 124 21
178 183 21
178 143 21
178 10 21
178 39 21
178 185 21
178 151 21
178 87 21
178 133 21
178 130 232
178 275 21
178 40 21
178 59 21
178 126 21
178 27 21
178 291 21
178 292 21
178 153 21
178 538 21
178 293 21
178 96 21
178 3 21
178 184 21
178 230 21
178 72 21
178 44 21
178 295 21
178 296 21
178 45 21
178 73 21
178 46 45
178 46 21
178 47 21
178 232 21
178 48 21
178 21 297
178 21 299
178 21 76
178 21 41
178 21 162
178 21 498
178 21 156
178 21 80
178 21 81
179 36 60
180 747 225
180 747 130
180 747 232
180 264 130
180 264 232
180 503 130
180 504 117
180 504 225
180 504 130
180 504 462
180 504 232
180 504 521
180 504 522
180 748 130
180 748 232
180 451 130
180 451 462
180 451 232
180 749 130
180 749 232
180 134 130
180 134 462
180 134 232
180 308 462
180 312 462
180 219 225
180 219 130
180 219 462
180 219 232
180 388 225
180 388 130
180 388 462
180 388 232
180 750 225
180 750 130
180 750 232
180 148 225
180 148 232
180 149 225
180 149 130
180 149 232
180 117 225
180 117 130
180 117 462
180 117 232
180 36 130
180 36 232
180 218 225
180 218 130
180 218 232
180 54 130
180 54 462
180 223 225
180 223 130
180 223 232
180 158 225
180 158 232
180 119 225
180 119 130
180 119 232
180 136 225
180 136 232
180 225 124
180 225 751
180 225 518
180 225 752
180 225 519
180 225 151
180 225 408
180 225 130
180 225 354
180 225 126
180 225 229
180 225 153
180 225 462
180 225 306
180 225 3
180 225 232
180 225 521
180 225 522
180 226 130
180 226 232
180 753 130
180 753 232
180 124 130
180 124 462
180 124 232
180 751 130
180 751 232
180 754 130
180 518 130
180 518 462
180 518 232
180 472 462
180 752 130
180 752 232
180 519 130
180 519 232
180 452 130
180 452 462
180 452 232
180 755 130
180 151 130
180 151 232
180 87 232
180 305 462
180 408 130
180 408 232
180 133 130
180 133 462
180 133 232
180 130 308
180 130 312
180 130 500
180 130 472
180 130 305
180 130 354
180 130 27
180 130 229
180 130 461
180 130 160
180 130 257
180 130 122
180 130 462
180 130 306
180 130 3
180 130 317
180 130 756
180 130 318
180 130 232
180 130 463
180 130 757
180 130 21
180 130 434
180 130 311
180 130 319
180 130 300
180 130 307
180 130 522
180 130 758
180 130 523
180 354 232
180 126 232
180 27 462
180 27 232
180 229 462
180 229 232
180 461 232
180 160 232
180 153 232
180 122 462
180 122 232
180 462 500
180 462 232
180 462 522
180 462 208
180 306 462
180 3 232
180 253 232
180 756 232
180 759 232
180 318 462
180 232 54
180 232 463
180 232 757
180 232 21
180 232 434
180 232 521
180 232 760
180 232 522
180 232 761
180 232 758
180 232 523
180 311 462
180 319 462
180 300 462
180 307 462
181 393 217
181 393 136
181 393 124
181 393 133
182 219 35
182 35 148
182 35 149
182 35 139
182 35 117
182 35 36
182 35 120
182 35 419
182 35 54
182 35 223
182 35 190
182 35 254
182 35 53
182 35 119
182 35 136
182 35 284
182 35 124
182 35 183
182 35 197
182 35 143
182 35 285
182 35 10
182 35 39
182 35 185
182 35 151
182 35 87
182 35 408
182 35 133
182 35 289
182 35 354
182 35 40
182 35 632
182 35 59
182 35 126
182 35 27
182 35 461
182 35 153
182 35 141
182 35 3
182 35 184
182 35 230
182 35 72
182 35 44
182 35 45
182 35 140
182 35 73
182 35 47
182 35 48
182 35 21
182 35 118
182 35 41
182 35 433
182 35 302
182 35 498
182 35 423
182 35 303
182 35 81
182 190 39
182 197 240
182 10 39
182 10 87
182 10 41
182 39 87
182 39 27
182 87 41
182 354 122
182 240 35
183 762 133
183 198 500
183 198 133
183 198 473
183 199 203
183 199 500
183 199 133
183 199 473
183 264 133
183 503 133
183 763 133
183 764 500
183 764 133
183 131 133
183 451 133
183 393 133
183 642 133
183 642 473
183 134 133
183 200 500
183 200 133
183 200 473
183 219 133
183 219 122
183 701 500
183 701 133
183 388 133
183 458 500
183 458 133
183 643 133
183 35 10
183 35 133
183 35 27
183 35 48
183 149 133
183 459 133
183 252 133
183 117 133
183 117 463
183 36 133
183 223 96
183 119 133
183 136 133
183 201 500
183 201 133
183 644 133
183 225 133
183 765 133
183 226 133
183 124 133
183 132 133
183 460 133
183 202 500
183 202 699
183 202 133
183 702 500
183 702 133
183 203 500
183 203 133
183 203 473
183 500 204
183 500 205
183 500 699
183 500 188
183 500 133
183 500 645
183 500 207
183 500 700
183 500 766
183 500 473
183 500 208
183 500 646
183 204 133
183 187 133
183 187 381
183 183 87
183 407 133
183 205 133
183 452 133
183 10 133
183 258 133
183 699 133
183 87 133
183 87 184
183 305 133
183 188 133
183 408 133
183 133 474
183 133 130
183 133 135
183 133 767
183 133 354
183 133 40
183 133 314
183 133 645
183 133 27
183 133 229
183 133 704
183 133 462
183 133 306
183 133 96
183 133 207
183 133 700
183 133 766
183 133 768
183 133 769
183 133 770
183 133 520
183 133 230
183 133 414
183 133 72
183 133 73
183 133 232
183 133 463
183 133 21
183 133 434
183 133 311
183 133 415
183 133 251
183 133 319
183 133 521
183 133 118
183 133 416
183 133 208
183 133 646
183 133 705
183 133 523
183 206 133
183 769 206
183 463 503
183 473 208
183 473 705
184 223 124
184 223 21
185 35 21
185 148 21
185 36 21
185 2 21
185 54 21
185 223 21
185 158 21
185 119 21
185 37 21
185 143 21
185 285 21
185 10 21
185 39 21
185 151 21
185 289 21
185 275 21
185 27 21
185 153 21
185 141 21
185 3 21
185 44 21
185 45 21
185 48 21
185 21 76
185 21 41
185 21 162
185 21 250
186 229 124
187 35 87
187 181 182
187 183 87
187 182 77
187 87 75
187 46 87
188 35 21
188 230 41
188 98 99
188 21 99
188 21 41
188 21 63
189 771 126
189 772 126
189 773 126
189 773 774
189 775 126
189 776 126
189 777 126
189 126 778
189 126 779
189 126 774
189 126 240
190 388 448
190 124 448
190 448 188
190 448 133
190 448 118
191 131 416
191 393 407
191 219 226
191 219 229
191 35 230
191 226 124
191 124 122
191 10 230
191 10 48
191 10 21
191 87 230
191 230 21
191 72 73
192 117 518
192 117 521
192 117 522
192 117 523
192 452 130
193 451 134
193 451 223
193 134 223
193 134 133
193 134 387
193 219 223
193 35 36
193 35 223
193 35 10
193 35 72
193 35 73
193 148 223
193 149 223
193 54 223
193 54 27
193 223 158
193 223 119
193 223 136
193 223 225
193 223 226
193 223 124
193 223 130
193 223 354
193 223 27
193 223 229
193 223 153
193 223 122
193 223 96
193 223 230
193 223 232
193 223 189
193 223 21
193 223 162
193 223 250
193 223 240
193 197 223
194 284 21
195 52 10
195 53 10
195 37 10
195 143 10
195 38 10
195 10 87
195 10 59
195 10 106
195 10 61
195 10 43
195 10 325
195 10 72
195 10 73
195 10 97
195 10 209
195 10 75
195 10 78
196 10 21
196 87 21
196 230 21
196 72 73
197 35 153
198 134 21
198 780 781
199 54 21
199 284 21
199 293 21
199 21 299
200 35 48
200 782 48
200 282 143
200 282 48
200 694 143
200 143 48
200 338 48
200 783 48
200 696 48
200 48 339
201 134 35
201 134 27
201 35 143
201 35 48
201 693 282
201 693 143
201 693 48
201 784 48
201 36 282
201 36 143
201 36 48
201 54 48
201 54 21
201 53 143
201 282 694
201 282 143
201 282 38
201 282 338
201 282 87
201 282 141
201 282 785
201 282 695
201 282 48
201 282 339
201 786 143
201 694 143
201 694 48
201 183 143
201 183 48
201 143 10
201 143 783
201 143 87
201 143 256
201 143 40
201 143 27
201 143 649
201 143 184
201 143 785
201 143 230
201 143 72
201 143 45
201 143 696
201 143 140
201 143 73
201 143 695
201 143 46
201 143 47
201 143 48
201 143 21
201 143 787
201 143 41
201 143 697
201 143 788
201 143 789
201 143 790
201 143 339
201 143 303
201 10 48
201 338 48
201 783 48
201 87 48
201 256 48
201 40 48
201 27 48
201 649 46
201 3 48
201 184 48
201 785 48
201 230 48
201 45 48
201 45 303
201 696 48
201 696 788
201 696 791
201 140 48
201 73 48
201 695 48
201 46 48
201 47 48
201 48 21
201 48 787
201 48 41
201 48 697
201 48 789
201 48 698
201 48 790
201 48 339
201 48 791
202 136 135
203 188 520
204 190 47
204 177 178
204 177 47
204 177 176
204 178 179
204 178 47
204 179 177
204 179 47
204 47 176
205 451 122
205 134 122
205 219 122
205 388 122
205 35 122
205 148 122
205 149 122
205 117 122
205 218 122
205 121 122
205 223 122
205 158 122
205 136 122
205 225 122
205 226 122
205 124 122
205 124 531
205 151 122
205 188 122
205 408 122
205 152 122
205 130 122
205 354 122
205 792 122
205 126 122
205 27 122
205 229 122
205 461 122
205 160 122
205 153 122
205 122 96
205 122 232
205 122 531
205 122 162
206 198 130
206 198 462
206 504 232
206 451 130
206 451 462
206 451 232
206 528 130
206 528 232
206 134 225
206 134 130
206 134 462
206 134 232
206 388 130
206 388 232
206 225 130
206 225 232
206 225 523
206 124 130
206 124 232
206 752 130
206 752 232
206 452 130
206 452 232
206 529 130
206 529 232
206 699 130
206 699 232
206 408 130
206 408 232
206 130 229
206 130 461
206 130 257
206 130 232
206 130 473
206 130 189
206 229 462
206 229 521
206 461 232
206 257 232
206 462 130
206 462 232
206 462 189
206 253 232
206 232 189
206 232 521
206 473 462
207 308 307
207 313 309
207 124 316
207 305 309
207 305 793
207 477 307
207 309 307
207 306 307
207 793 307
207 319 307
208 132 187
208 187 414
209 771 126
209 772 126
209 773 126
209 775 126
209 776 126
209 777 126
209 126 778
209 126 774
210 2 8
210 2 87
210 2 3
210 2 20
210 7 87
210 8 3
210 87 12
210 87 3
210 11 3
210 108 3
210 12 3
210 12 140
210 12 73
210 12 41
210 13 3
210 29 3
210 3 794
210 3 20
210 3 73
210 3 18
210 3 31
210 3 795
210 3 33
211 131 416
211 131 447
211 416 447
212 138 87
212 35 87
212 180 181
212 181 182
212 181 636
212 182 77
212 87 40
212 87 230
213 264 36
213 191 36
213 191 72
213 50 38
213 50 72
213 50 76
213 345 53
213 36 55
213 36 56
213 36 52
213 36 53
213 36 66
213 36 346
213 36 347
213 36 37
213 36 57
213 36 38
213 36 58
213 36 348
213 36 88
213 36 108
213 36 69
213 36 59
213 36 93
213 36 111
213 36 349
213 36 61
213 36 43
213 36 230
213 36 72
213 36 73
213 36 209
213 36 98
213 36 99
213 36 62
213 36 63
213 36 79
213 36 80
213 36 100
213 36 101
213 36 51
213 36 115
213 36 351
213 55 52
213 55 53
213 55 67
213 55 59
213 55 93
213 55 43
213 55 72
213 55 98
213 55 76
213 56 53
213 56 61
213 56 72
213 56 76
213 56 80
213 330 72
213 64 72
213 352 53
213 52 66
213 52 38
213 52 348
213 52 59
213 52 106
213 52 70
213 52 61
213 52 72
213 52 73
213 52 75
213 52 76
213 52 63
213 52 60
213 52 79
213 52 100
213 52 51
213 52 81
213 52 358
213 65 53
213 65 66
213 65 84
213 65 38
213 65 348
213 65 59
213 65 93
213 65 94
213 65 61
213 65 43
213 65 72
213 65 76
213 65 99
213 65 63
213 65 100
213 65 51
213 53 66
213 53 353
213 53 84
213 53 37
213 53 57
213 53 86
213 53 38
213 53 58
213 53 68
213 53 89
213 53 91
213 53 69
213 53 59
213 53 355
213 53 93
213 53 106
213 53 94
213 53 70
213 53 71
213 53 356
213 53 42
213 53 61
213 53 43
213 53 72
213 53 73
213 53 357
213 53 98
213 53 49
213 53 75
213 53 76
213 53 99
213 53 62
213 53 63
213 53 78
213 53 60
213 53 79
213 53 80
213 53 100
213 53 102
213 53 51
213 53 81
213 53 82
213 53 351
213 53 358
213 53 359
213 53 105
213 66 58
213 66 72
213 66 98
213 66 76
213 360 72
213 360 351
213 346 72
213 346 76
213 361 72
213 67 58
213 67 61
213 67 112
213 67 72
213 67 76
213 67 62
213 67 100
213 67 51
213 85 72
213 85 76
213 353 72
213 84 40
213 84 61
213 84 43
213 84 72
213 84 76
213 84 62
213 84 100
213 84 105
213 364 72
213 347 38
213 347 72
213 37 59
213 37 72
213 37 76
213 37 80
213 57 38
213 57 365
213 57 72
213 57 209
213 57 98
213 57 80
213 86 72
213 86 76
213 38 108
213 38 59
213 38 93
213 38 43
213 38 72
213 38 98
213 38 76
213 38 331
213 38 80
213 38 51
213 38 351
213 10 108
213 365 72
213 366 72
213 58 61
213 58 72
213 58 76
213 58 62
213 58 331
213 58 51
213 58 114
213 367 108
213 368 60
213 348 72
213 348 76
213 87 76
213 68 72
213 68 73
213 68 51
213 88 72
213 88 209
213 88 76
213 370 72
213 89 59
213 89 70
213 108 61
213 108 76
213 335 72
213 373 76
213 109 60
213 69 72
213 69 73
213 69 76
213 69 99
213 40 100
213 59 93
213 59 70
213 59 95
213 59 61
213 59 43
213 59 72
213 59 209
213 59 76
213 59 62
213 59 63
213 59 78
213 59 79
213 59 80
213 59 51
213 59 81
213 59 351
213 92 72
213 93 61
213 93 72
213 93 73
213 93 75
213 93 76
213 93 51
213 106 72
213 106 73
213 94 72
213 94 80
213 94 51
213 70 76
213 71 72
213 374 72
213 375 72
213 141 100
213 110 72
213 110 76
213 377 72
213 42 72
213 61 43
213 61 72
213 61 98
213 61 76
213 61 99
213 61 51
213 61 114
213 43 72
213 43 76
213 43 41
213 43 80
213 43 81
213 230 81
213 112 72
213 112 76
213 72 73
213 72 378
213 72 209
213 72 98
213 72 49
213 72 75
213 72 76
213 72 99
213 72 380
213 72 78
213 72 60
213 72 331
213 72 79
213 72 80
213 72 100
213 72 382
213 72 383
213 72 51
213 72 81
213 72 82
213 72 103
213 72 115
213 72 351
213 72 83
213 72 358
213 72 369
213 72 114
213 72 262
213 72 104
213 72 359
213 72 105
213 73 76
213 73 79
213 73 51
213 209 76
213 209 99
213 209 63
213 98 76
213 98 41
213 98 78
213 98 79
213 98 80
213 98 100
213 98 104
213 21 76
213 75 76
213 75 63
213 75 79
213 75 80
213 76 99
213 76 62
213 76 41
213 76 63
213 76 78
213 76 60
213 76 79
213 76 80
213 76 100
213 76 382
213 76 51
213 76 81
213 76 115
213 76 351
213 76 83
213 76 104
213 76 359
213 99 80
213 41 100
213 63 81
213 63 351
213 60 51
213 60 351
213 80 100
213 80 82
213 80 358
213 100 81
213 51 106
213 51 82
213 81 104
