2 281 281
1 1 2
1 1 3
1 1 4
1 1 5
1 1 6
1 2 7
1 2 8
1 2 9
1 2 10
1 11 12
1 11 13
1 14 15
1 7 16
1 17 18
1 17 5
1 17 19
1 17 20
1 21 22
1 21 23
1 22 24
1 25 16
1 25 26
1 25 27
1 16 28
1 16 29
1 23 30
1 23 31
1 23 32
1 23 33
1 23 34
1 24 35
1 24 30
1 24 31
1 24 36
1 24 37
1 24 38
1 24 39
1 40 41
1 12 42
1 12 43
1 12 44
1 42 45
1 42 46
1 47 48
1 47 37
1 48 33
1 49 50
1 49 45
1 49 4
1 50 43
1 50 8
1 50 29
1 51 52
1 53 54
1 53 55
1 56 54
1 57 58
1 59 60
1 59 15
1 59 13
1 59 61
1 59 62
1 59 36
1 59 32
1 63 64
1 63 65
1 63 66
1 63 67
1 68 69
1 68 70
1 71 64
1 71 65
1 71 69
1 71 72
1 73 74
1 75 64
1 75 65
1 75 76
1 77 64
1 77 65
1 77 78
1 77 79
1 77 80
1 81 64
1 81 65
1 81 60
1 81 78
1 82 64
1 82 65
1 83 64
1 83 65
1 83 84
1 85 64
1 85 65
1 86 87
1 4 8
1 4 88
1 4 20
1 8 89
1 8 90
1 8 91
1 26 28
1 92 93
1 94 89
1 94 6
1 94 20
1 89 10
1 89 91
1 46 44
1 46 95
1 44 96
1 64 65
1 64 97
1 64 98
1 64 69
1 64 99
1 64 79
1 64 100
1 64 101
1 64 102
1 64 103
1 64 104
1 64 105
1 64 106
1 64 61
1 64 33
1 64 107
1 64 108
1 64 109
1 64 110
1 64 111
1 64 112
1 64 113
1 64 66
1 64 70
1 64 72
1 64 114
1 64 76
1 64 80
1 64 115
1 64 116
1 64 117
1 64 118
1 65 98
1 65 69
1 65 74
1 65 99
1 65 79
1 65 100
1 65 119
1 65 120
1 65 106
1 65 37
1 65 33
1 65 121
1 65 108
1 65 122
1 65 123
1 65 66
1 65 70
1 65 72
1 65 114
1 65 76
1 65 80
1 65 116
1 65 117
1 65 124
1 65 118
1 60 78
1 60 125
1 60 126
1 60 120
1 60 102
1 60 127
1 60 128
1 60 129
1 60 130
1 60 52
1 60 109
1 60 131
1 60 132
1 60 133
1 60 134
1 60 135
1 60 136
1 60 137
1 60 138
1 60 118
1 60 139
1 60 140
1 78 35
1 78 141
1 78 125
1 78 126
1 78 120
1 78 102
1 78 127
1 78 142
1 78 128
1 78 143
1 78 129
1 78 130
1 78 52
1 78 131
1 78 80
1 78 115
1 78 133
1 78 144
1 78 134
1 78 136
1 78 137
1 78 138
1 78 118
1 78 139
1 78 140
1 78 145
1 9 54
1 9 103
1 9 146
1 5 97
1 5 146
1 147 148
1 147 37
1 147 33
1 147 149
1 147 150
1 148 37
1 148 33
1 148 151
1 148 149
1 148 150
1 152 153
1 152 154
1 152 155
1 152 10
1 153 154
1 153 155
1 153 156
1 157 158
1 157 159
1 154 155
1 154 160
1 97 161
1 97 105
1 97 106
1 97 38
1 161 105
1 15 13
1 15 61
1 15 62
1 15 31
1 15 88
1 15 90
1 15 36
1 15 162
1 15 58
1 15 163
1 15 132
1 15 139
1 13 61
1 13 88
1 13 32
1 13 162
1 13 58
1 13 163
1 164 84
1 164 30
1 164 165
1 27 29
1 95 96
1 95 20
1 96 88
1 96 91
1 166 167
1 166 32
1 166 168
1 167 36
1 167 168
1 169 170
1 169 171
1 172 173
1 172 171
1 174 19
1 174 171
1 175 176
1 175 171
1 98 99
1 98 121
1 98 108
1 69 121
1 69 112
1 99 125
1 99 136
1 79 70
1 79 72
1 119 177
1 177 178
1 177 179
1 177 52
1 35 141
1 35 126
1 35 128
1 35 52
1 35 38
1 35 144
1 35 134
1 141 125
1 141 132
1 125 126
1 126 133
1 126 134
1 142 180
1 142 181
1 142 67
1 180 182
1 180 183
1 182 184
1 184 185
1 184 186
1 187 145
1 128 105
1 128 55
1 84 115
1 84 118
1 30 61
1 30 62
1 30 115
1 30 181
1 30 145
1 103 146
1 103 171
1 188 189
1 189 190
1 191 192
1 191 193
1 191 194
1 191 150
1 192 195
1 192 196
1 192 150
1 193 197
1 195 198
1 197 198
1 197 199
1 198 200
1 201 20
1 200 91
1 200 202
1 104 203
1 104 55
1 204 205
1 204 55
1 194 196
1 194 36
1 196 32
1 170 129
1 170 36
1 170 151
1 170 206
1 173 130
1 173 32
1 173 171
1 173 149
1 173 207
1 19 129
1 19 36
1 19 208
1 19 206
1 176 130
1 176 32
1 176 209
1 176 207
1 87 52
1 210 211
1 210 106
1 210 165
1 211 165
1 211 80
1 211 212
1 213 214
1 214 61
1 215 160
1 179 216
1 179 203
1 179 124
1 216 106
1 216 124
1 203 105
1 205 106
1 205 55
1 217 61
1 105 106
1 105 118
1 105 139
1 106 218
1 106 219
1 106 80
1 106 115
1 143 10
1 61 62
1 61 31
1 61 220
1 61 221
1 62 183
1 62 222
1 6 10
1 31 129
1 31 130
1 129 129
1 129 130
1 129 36
1 129 223
1 129 224
1 129 225
1 129 131
1 129 226
1 129 162
1 129 227
1 129 228
1 130 130
1 130 32
1 130 229
1 130 230
1 130 41
1 130 226
1 130 58
1 130 227
1 130 231
1 130 232
1 158 181
1 36 32
1 36 233
1 36 110
1 36 123
1 36 133
1 36 181
1 32 122
1 32 111
1 37 38
1 33 38
1 234 199
1 235 199
1 38 227
1 38 231
1 38 232
1 34 39
1 34 109
1 34 232
1 39 109
1 39 228
1 208 236
1 208 151
1 208 227
1 209 149
1 209 237
1 209 231
1 236 151
1 238 149
1 151 149
1 151 239
1 151 232
1 149 240
1 149 228
1 199 150
1 233 150
1 241 150
1 242 207
1 20 243
1 20 244
1 91 245
1 91 202
1 243 226
1 246 162
1 239 163
1 240 247
1 107 113
1 107 66
1 107 70
1 248 109
1 109 131
1 225 131
1 41 226
1 231 181
1 232 228
1 228 132
1 113 181
1 113 67
1 76 144
1 80 80
1 80 138
1 80 118
1 80 186
1 115 138
1 115 118
1 115 249
1 124 140
1 132 133
1 133 144
1 133 135
1 133 137
1 134 135
1 135 136
1 138 118
1 250 251
1 250 185
1 250 181
1 251 185
1 185 156
1 185 252
1 156 252
1 181 67
1 67 220
1 220 183
1 183 222
1 222 253
1 253 249
1 212 145
2 1 11
2 1 3
2 1 25
2 1 23
2 1 24
2 1 4
2 1 65
2 1 60
2 1 78
2 1 9
2 1 147
2 1 161
2 1 27
2 1 146
2 1 61
2 1 55
2 1 88
2 1 90
2 1 37
2 1 234
2 1 20
2 1 228
2 2 14
2 2 7
2 2 16
2 2 23
2 2 24
2 2 8
2 2 64
2 2 60
2 2 78
2 2 147
2 2 97
2 2 88
2 2 90
2 2 33
2 2 235
2 2 39
2 2 91
2 2 232
2 2 207
2 11 14
2 11 51
2 11 64
2 11 65
2 11 147
2 11 164
2 11 254
2 11 169
2 11 103
2 11 193
2 11 201
2 11 194
2 11 255
2 11 158
2 11 36
2 11 32
2 11 171
2 11 34
2 11 39
2 11 236
2 11 20
2 11 243
2 11 229
2 11 41
2 11 58
2 11 206
2 14 51
2 14 256
2 14 64
2 14 65
2 14 5
2 14 148
2 14 161
2 14 15
2 14 13
2 14 54
2 14 257
2 14 172
2 14 103
2 14 146
2 14 200
2 14 196
2 14 55
2 14 36
2 14 32
2 14 171
2 14 238
2 14 240
2 3 49
2 3 4
2 3 46
2 3 95
2 3 19
2 3 255
2 3 36
2 3 168
2 3 247
2 7 48
2 7 50
2 7 258
2 7 8
2 7 44
2 7 154
2 7 29
2 7 96
2 7 62
2 7 259
2 7 32
2 7 171
2 7 168
2 7 58
2 7 163
2 7 202
2 17 25
2 17 23
2 17 24
2 17 51
2 17 260
2 17 4
2 17 64
2 17 65
2 17 60
2 17 9
2 17 5
2 17 155
2 17 97
2 17 161
2 17 95
2 17 174
2 17 19
2 17 234
2 17 109
2 18 16
2 18 24
2 18 260
2 18 8
2 18 65
2 18 60
2 18 78
2 18 9
2 18 5
2 18 155
2 18 161
2 18 261
2 18 196
2 18 105
2 18 88
2 18 90
2 21 42
2 21 47
2 21 260
2 21 27
2 22 12
2 22 42
2 22 48
2 22 260
2 22 29
2 22 168
2 25 23
2 25 40
2 25 42
2 25 49
2 25 258
2 25 260
2 25 45
2 25 4
2 25 28
2 25 94
2 25 262
2 25 261
2 25 188
2 25 6
2 25 158
2 25 20
2 16 24
2 16 263
2 16 50
2 16 260
2 16 43
2 16 8
2 16 28
2 16 89
2 16 29
2 16 262
2 16 261
2 16 10
2 16 159
2 23 42
2 23 47
2 23 49
2 23 50
2 23 258
2 23 260
2 23 45
2 23 4
2 23 26
2 23 94
2 23 64
2 23 60
2 23 262
2 23 166
2 23 30
2 23 103
2 23 189
2 23 31
2 23 130
2 23 158
2 23 32
2 23 37
2 23 33
2 23 246
2 23 237
2 23 239
2 23 109
2 23 231
2 24 49
2 24 50
2 24 258
2 24 260
2 24 43
2 24 8
2 24 28
2 24 65
2 24 78
2 24 147
2 24 95
2 24 262
2 24 261
2 24 30
2 24 103
2 24 146
2 24 189
2 24 31
2 24 255
2 24 129
2 24 37
2 24 33
2 24 20
2 24 246
2 24 237
2 24 248
2 24 227
2 24 232
2 24 132
2 40 53
2 40 45
2 40 94
2 40 78
2 40 9
2 40 5
2 40 148
2 40 152
2 40 153
2 40 154
2 40 155
2 40 97
2 40 6
2 40 158
2 40 247
2 263 43
2 263 93
2 263 89
2 263 5
2 263 152
2 263 153
2 263 188
2 263 189
2 263 173
2 263 190
2 263 159
2 263 91
2 12 258
2 12 43
2 12 44
2 12 166
2 12 129
2 12 130
2 42 258
2 42 260
2 42 45
2 42 44
2 42 167
2 42 129
2 42 52
2 47 49
2 47 258
2 47 260
2 47 26
2 47 27
2 47 262
2 47 261
2 47 167
2 47 189
2 47 255
2 47 129
2 48 50
2 48 258
2 48 260
2 48 43
2 48 44
2 48 29
2 48 261
2 48 188
2 48 259
2 48 130
2 49 258
2 49 26
2 49 148
2 49 27
2 49 95
2 49 128
2 49 188
2 49 189
2 49 255
2 49 36
2 49 171
2 49 37
2 49 168
2 49 162
2 49 247
2 49 133
2 50 147
2 50 148
2 50 29
2 50 96
2 50 128
2 50 188
2 50 189
2 50 259
2 50 130
2 50 36
2 50 171
2 50 33
2 50 168
2 50 58
2 50 163
2 50 231
2 51 64
2 51 147
2 51 148
2 51 238
2 53 5
2 53 147
2 53 254
2 53 169
2 53 174
2 53 105
2 53 106
2 53 158
2 53 209
2 53 20
2 53 248
2 56 257
2 56 172
2 56 175
2 56 106
2 56 208
2 56 223
2 57 36
2 57 20
2 57 239
2 57 58
2 57 232
2 256 32
2 256 91
2 256 245
2 256 240
2 256 162
2 256 231
2 256 232
2 59 64
2 59 65
2 59 60
2 59 78
2 59 9
2 59 5
2 59 155
2 59 97
2 59 166
2 59 167
2 59 128
2 59 106
2 59 61
2 59 62
2 59 255
2 59 259
2 59 244
2 63 65
2 63 78
2 63 9
2 63 147
2 63 148
2 63 98
2 63 35
2 63 105
2 63 181
2 68 64
2 68 65
2 68 148
2 68 35
2 68 142
2 68 106
2 68 52
2 68 67
2 71 64
2 71 65
2 71 60
2 71 78
2 71 148
2 71 74
2 71 35
2 71 142
2 71 67
2 71 220
2 73 75
2 73 64
2 73 65
2 73 60
2 73 78
2 73 9
2 73 74
2 73 125
2 73 183
2 75 64
2 75 65
2 75 60
2 75 78
2 75 9
2 75 5
2 75 125
2 75 180
2 75 189
2 75 222
2 77 65
2 77 60
2 77 78
2 77 205
2 77 55
2 77 253
2 81 64
2 81 65
2 81 78
2 82 64
2 82 65
2 83 64
2 83 65
2 83 60
2 85 64
2 85 65
2 85 60
2 85 78
2 85 9
2 85 5
2 86 64
2 86 65
2 86 9
2 86 178
2 86 87
2 86 124
2 86 221
2 258 28
2 258 27
2 258 29
2 258 262
2 258 261
2 258 259
2 260 26
2 260 29
2 260 262
2 260 261
2 260 10
2 45 94
2 45 27
2 43 96
2 43 261
2 43 175
2 4 94
2 4 64
2 4 60
2 4 9
2 4 5
2 4 188
2 4 189
2 4 255
2 4 37
2 4 234
2 4 20
2 4 244
2 8 28
2 8 65
2 8 78
2 8 9
2 8 5
2 8 148
2 8 96
2 8 188
2 8 189
2 8 62
2 8 259
2 8 159
2 8 91
2 26 94
2 26 262
2 26 261
2 26 129
2 28 262
2 28 261
2 92 94
2 92 153
2 92 188
2 92 189
2 92 6
2 93 89
2 93 188
2 93 189
2 93 10
2 94 153
2 94 188
2 94 6
2 89 29
2 89 175
2 89 10
2 89 159
2 46 64
2 46 5
2 46 147
2 46 128
2 46 264
2 46 255
2 46 129
2 46 168
2 46 244
2 44 65
2 44 148
2 44 29
2 44 128
2 44 259
2 44 130
2 44 171
2 44 202
2 64 65
2 64 60
2 64 78
2 64 9
2 64 5
2 64 147
2 64 148
2 64 154
2 64 161
2 64 262
2 64 167
2 64 257
2 64 98
2 64 69
2 64 74
2 64 99
2 64 79
2 64 100
2 64 101
2 64 119
2 64 177
2 64 120
2 64 102
2 64 128
2 64 30
2 64 103
2 64 146
2 64 104
2 64 204
2 64 215
2 64 160
2 64 179
2 64 205
2 64 217
2 64 105
2 64 106
2 64 265
2 64 266
2 64 143
2 64 190
2 64 61
2 64 62
2 64 129
2 64 88
2 64 90
2 64 37
2 64 33
2 64 20
2 64 246
2 64 239
2 64 248
2 64 109
2 64 58
2 64 111
2 64 113
2 64 66
2 64 70
2 64 72
2 64 114
2 64 80
2 64 115
2 64 116
2 64 117
2 64 124
2 64 253
2 65 60
2 65 78
2 65 9
2 65 5
2 65 147
2 65 148
2 65 157
2 65 97
2 65 161
2 65 166
2 65 98
2 65 69
2 65 74
2 65 99
2 65 79
2 65 100
2 65 101
2 65 119
2 65 177
2 65 125
2 65 120
2 65 102
2 65 128
2 65 30
2 65 103
2 65 146
2 65 104
2 65 204
2 65 210
2 65 211
2 65 215
2 65 160
2 65 205
2 65 217
2 65 105
2 65 106
2 65 265
2 65 266
2 65 61
2 65 62
2 65 219
2 65 130
2 65 88
2 65 90
2 65 36
2 65 91
2 65 237
2 65 240
2 65 107
2 65 121
2 65 248
2 65 162
2 65 113
2 65 66
2 65 70
2 65 72
2 65 114
2 65 80
2 65 115
2 65 116
2 65 117
2 65 222
2 65 267
2 65 221
2 60 78
2 60 9
2 60 5
2 60 147
2 60 148
2 60 152
2 60 153
2 60 157
2 60 154
2 60 155
2 60 97
2 60 161
2 60 15
2 60 164
2 60 54
2 60 95
2 60 128
2 60 30
2 60 103
2 60 146
2 60 105
2 60 106
2 60 190
2 60 61
2 60 62
2 60 10
2 60 55
2 60 158
2 60 159
2 60 37
2 60 33
2 60 109
2 60 206
2 60 244
2 60 202
2 60 113
2 60 76
2 60 116
2 60 133
2 60 185
2 60 156
2 78 152
2 78 153
2 78 157
2 78 154
2 78 155
2 78 97
2 78 161
2 78 54
2 78 96
2 78 79
2 78 103
2 78 146
2 78 189
2 78 105
2 78 106
2 78 143
2 78 190
2 78 61
2 78 62
2 78 55
2 78 129
2 78 158
2 78 159
2 78 37
2 78 33
2 78 20
2 78 91
2 78 109
2 78 207
2 78 202
2 78 123
2 78 70
2 78 115
2 78 220
2 9 5
2 9 154
2 9 97
2 9 161
2 9 98
2 9 69
2 9 74
2 9 99
2 9 79
2 9 119
2 9 103
2 9 146
2 9 104
2 9 204
2 9 215
2 9 160
2 9 205
2 9 217
2 9 105
2 9 106
2 9 143
2 9 91
2 9 107
2 9 121
2 9 108
2 9 70
2 9 72
2 5 148
2 5 157
2 5 155
2 5 161
2 5 98
2 5 69
2 5 74
2 5 99
2 5 79
2 5 119
2 5 177
2 5 126
2 5 30
2 5 103
2 5 146
2 5 188
2 5 189
2 5 104
2 5 204
2 5 213
2 5 160
2 5 205
2 5 217
2 5 105
2 5 106
2 5 143
2 5 190
2 5 61
2 5 219
2 5 129
2 5 107
2 5 121
2 5 108
2 5 113
2 5 66
2 5 114
2 5 117
2 147 157
2 147 97
2 147 15
2 147 164
2 147 166
2 147 167
2 147 172
2 147 175
2 147 98
2 147 69
2 147 74
2 147 99
2 147 128
2 147 146
2 147 195
2 147 201
2 147 196
2 147 105
2 147 106
2 147 143
2 147 190
2 147 31
2 147 129
2 147 130
2 147 36
2 147 38
2 147 20
2 147 107
2 147 121
2 147 108
2 147 248
2 147 244
2 147 122
2 147 111
2 147 112
2 147 66
2 147 67
2 147 220
2 148 157
2 148 161
2 148 15
2 148 166
2 148 169
2 148 174
2 148 98
2 148 69
2 148 74
2 148 125
2 148 128
2 148 146
2 148 193
2 148 195
2 148 194
2 148 105
2 148 106
2 148 61
2 148 129
2 148 130
2 148 36
2 148 32
2 148 38
2 148 91
2 148 107
2 148 121
2 148 108
2 148 202
2 148 110
2 148 122
2 148 123
2 148 112
2 148 113
2 148 66
2 148 70
2 148 72
2 268 269
2 152 153
2 152 157
2 152 154
2 152 155
2 152 97
2 152 161
2 152 164
2 152 188
2 152 189
2 152 211
2 152 213
2 152 160
2 152 143
2 152 6
2 152 10
2 152 159
2 152 132
2 152 252
2 153 154
2 153 155
2 153 97
2 153 161
2 153 164
2 153 189
2 153 143
2 153 6
2 153 10
2 153 252
2 153 267
2 157 97
2 157 164
2 157 119
2 157 213
2 157 214
2 157 217
2 157 105
2 157 143
2 157 190
2 157 62
2 157 10
2 157 31
2 157 117
2 154 155
2 154 97
2 154 96
2 154 254
2 154 257
2 154 213
2 154 62
2 154 6
2 154 10
2 154 159
2 154 33
2 154 168
2 154 58
2 154 163
2 154 181
2 155 161
2 155 213
2 155 214
2 155 216
2 155 143
2 155 61
2 155 158
2 155 36
2 155 168
2 155 162
2 155 247
2 155 156
2 97 161
2 97 257
2 97 188
2 97 189
2 97 104
2 97 205
2 97 105
2 97 106
2 97 143
2 97 190
2 97 55
2 97 218
2 97 159
2 97 33
2 97 38
2 97 91
2 161 54
2 161 254
2 161 146
2 161 204
2 161 105
2 161 106
2 161 143
2 161 190
2 161 10
2 161 55
2 161 158
2 161 159
2 161 121
2 161 244
2 15 54
2 15 128
2 15 30
2 15 210
2 15 211
2 15 165
2 15 55
2 15 31
2 15 32
2 15 37
2 15 33
2 15 38
2 15 238
2 15 242
2 15 270
2 15 237
2 15 230
2 15 231
2 13 254
2 13 30
2 13 6
2 13 31
2 13 88
2 13 36
2 13 32
2 13 37
2 13 33
2 13 38
2 13 238
2 13 242
2 13 270
2 13 246
2 13 162
2 13 227
2 13 231
2 164 69
2 164 142
2 164 271
2 164 84
2 164 189
2 164 106
2 164 143
2 164 190
2 164 62
2 164 10
2 164 31
2 164 218
2 164 38
2 164 107
2 164 121
2 164 108
2 164 250
2 164 185
2 164 272
2 54 254
2 54 257
2 54 98
2 54 105
2 54 106
2 54 165
2 54 143
2 54 55
2 54 52
2 54 131
2 54 112
2 27 95
2 29 96
2 29 10
2 29 159
2 29 32
2 29 168
2 95 188
2 95 189
2 95 255
2 95 162
2 96 188
2 96 259
2 96 168
2 96 163
2 262 261
2 262 255
2 166 167
2 166 259
2 166 129
2 166 130
2 166 36
2 166 32
2 167 273
2 167 255
2 167 129
2 167 36
2 167 171
2 167 168
2 254 188
2 254 143
2 254 190
2 254 246
2 254 274
2 257 172
2 257 189
2 257 105
2 257 143
2 257 190
2 257 248
2 257 275
2 169 191
2 169 194
2 169 170
2 169 129
2 169 88
2 169 90
2 169 171
2 169 234
2 169 38
2 169 151
2 169 20
2 169 245
2 169 229
2 169 58
2 169 274
2 169 206
2 169 110
2 172 192
2 172 195
2 172 276
2 172 196
2 172 173
2 172 130
2 172 88
2 172 90
2 172 171
2 172 38
2 172 208
2 172 149
2 172 91
2 172 243
2 172 245
2 172 223
2 172 58
2 172 275
2 172 207
2 172 122
2 174 197
2 174 194
2 174 19
2 174 255
2 174 88
2 174 90
2 174 171
2 174 234
2 174 38
2 174 208
2 174 243
2 174 224
2 174 277
2 175 198
2 175 278
2 175 196
2 175 176
2 175 259
2 175 88
2 175 90
2 175 171
2 175 235
2 175 38
2 175 34
2 175 209
2 175 245
2 175 230
2 175 279
2 98 142
2 98 181
2 98 67
2 69 142
2 69 105
2 69 181
2 69 67
2 69 220
2 74 99
2 74 141
2 74 125
2 74 180
2 74 220
2 74 183
2 99 125
2 99 180
2 99 183
2 99 222
2 79 126
2 79 189
2 79 105
2 79 222
2 79 253
2 100 189
2 100 105
2 100 52
2 100 183
2 100 222
2 100 253
2 119 84
2 119 214
2 119 160
2 119 124
2 177 271
2 177 178
2 177 179
2 177 216
2 177 106
2 177 55
2 177 124
2 177 221
2 35 142
2 35 181
2 35 67
2 35 220
2 141 180
2 141 128
2 141 105
2 141 106
2 141 55
2 141 220
2 141 183
2 141 222
2 125 180
2 125 182
2 125 128
2 125 105
2 125 106
2 125 55
2 125 183
2 125 222
2 125 253
2 126 182
2 126 128
2 126 105
2 126 106
2 126 251
2 126 253
2 120 128
2 120 105
2 120 106
2 102 128
2 102 105
2 102 106
2 127 128
2 127 105
2 127 106
2 127 124
2 127 221
2 142 143
2 142 10
2 142 52
2 142 112
2 142 113
2 142 66
2 142 132
2 142 133
2 142 250
2 142 251
2 142 185
2 142 181
2 142 67
2 180 62
2 180 52
2 180 66
2 180 70
2 180 72
2 180 133
2 180 144
2 180 134
2 180 250
2 180 251
2 180 185
2 180 220
2 180 183
2 182 190
2 182 52
2 182 72
2 182 114
2 182 76
2 182 134
2 182 135
2 182 250
2 182 251
2 182 185
2 184 76
2 184 80
2 184 115
2 184 136
2 184 137
2 184 185
2 184 186
2 187 265
2 187 115
2 187 138
2 187 118
2 187 212
2 187 145
2 271 84
2 271 178
2 271 117
2 271 124
2 271 139
2 271 140
2 128 103
2 128 146
2 128 210
2 128 211
2 128 213
2 128 214
2 128 179
2 128 216
2 128 205
2 128 105
2 128 106
2 128 266
2 128 165
2 128 55
2 128 255
2 128 259
2 128 33
2 128 168
2 128 237
2 128 239
2 128 240
2 128 107
2 128 109
2 128 162
2 128 58
2 128 247
2 128 163
2 128 113
2 128 124
2 128 132
2 128 140
2 84 30
2 84 178
2 84 179
2 84 61
2 30 62
2 30 10
2 30 31
2 30 129
2 30 130
2 30 36
2 30 32
2 30 242
2 30 270
2 30 250
2 30 251
2 30 185
2 30 252
2 103 146
2 103 106
2 103 248
2 146 105
2 146 132
2 188 189
2 188 203
2 188 6
2 188 158
2 188 37
2 188 168
2 188 121
2 188 252
2 189 205
2 189 190
2 189 10
2 189 159
2 189 91
2 189 107
2 189 108
2 189 114
2 189 251
2 189 185
2 189 183
2 191 193
2 191 264
2 191 55
2 191 171
2 191 234
2 191 209
2 191 151
2 191 274
2 191 110
2 192 195
2 192 276
2 192 196
2 192 55
2 192 235
2 192 149
2 192 275
2 193 197
2 193 201
2 193 208
2 193 236
2 193 238
2 193 151
2 193 149
2 193 241
2 193 206
2 195 198
2 195 200
2 195 259
2 195 208
2 195 209
2 195 236
2 195 238
2 195 151
2 195 149
2 195 233
2 195 243
2 195 279
2 195 207
2 195 202
2 197 273
2 197 194
2 197 19
2 197 55
2 197 234
2 197 208
2 197 123
2 198 278
2 198 196
2 198 176
2 198 55
2 198 235
2 198 209
2 198 241
2 198 111
2 264 170
2 264 129
2 264 234
2 264 233
2 264 241
2 264 274
2 276 90
2 276 235
2 276 199
2 276 233
2 276 241
2 276 150
2 276 275
2 201 273
2 201 170
2 201 19
2 201 88
2 201 171
2 201 236
2 201 238
2 201 241
2 201 150
2 201 244
2 200 196
2 200 173
2 200 176
2 200 171
2 200 236
2 200 233
2 200 150
2 200 207
2 273 19
2 273 255
2 273 171
2 273 234
2 273 233
2 273 241
2 273 150
2 273 277
2 278 176
2 278 259
2 278 171
2 278 235
2 278 233
2 278 241
2 278 150
2 278 279
2 278 202
2 104 215
2 104 179
2 104 143
2 104 218
2 104 124
2 204 216
2 204 217
2 204 106
2 204 55
2 204 218
2 194 129
2 194 208
2 194 236
2 194 151
2 194 233
2 194 237
2 194 227
2 194 231
2 194 228
2 194 110
2 196 130
2 196 38
2 196 209
2 196 236
2 196 149
2 196 241
2 196 239
2 196 231
2 196 232
2 196 228
2 196 252
2 170 90
2 170 171
2 170 234
2 170 235
2 170 209
2 170 131
2 173 88
2 173 90
2 173 171
2 173 234
2 173 235
2 173 208
2 173 245
2 173 226
2 19 88
2 19 171
2 19 234
2 19 149
2 19 225
2 176 90
2 176 171
2 176 235
2 176 151
2 176 241
2 176 41
2 176 202
2 178 190
2 178 221
2 87 221
2 210 211
2 210 205
2 210 106
2 210 165
2 210 55
2 210 115
2 210 267
2 211 205
2 211 105
2 211 106
2 211 165
2 211 55
2 213 214
2 213 215
2 213 160
2 213 6
2 214 215
2 214 160
2 214 6
2 215 160
2 215 105
2 215 124
2 160 105
2 160 106
2 160 124
2 179 216
2 179 105
2 179 124
2 216 106
2 216 124
2 205 105
2 280 246
2 280 247
2 281 237
2 281 163
2 217 143
2 217 190
2 105 106
2 105 265
2 105 266
2 105 165
2 105 143
2 105 190
2 105 62
2 105 52
2 105 159
2 105 38
2 105 131
2 105 124
2 105 144
2 105 134
2 105 135
2 105 136
2 105 138
2 105 139
2 105 140
2 105 221
2 106 265
2 106 266
2 106 61
2 106 62
2 106 55
2 106 219
2 106 52
2 106 159
2 106 226
2 106 124
2 106 134
2 106 136
2 106 137
2 106 138
2 106 139
2 106 140
2 106 251
2 106 221
2 265 266
2 265 145
2 266 115
2 165 55
2 143 190
2 143 31
2 143 218
2 143 158
2 190 31
2 190 218
2 190 117
2 190 251
2 190 185
2 190 253
2 190 249
2 190 272
2 61 158
2 61 36
2 61 168
2 62 10
2 62 259
2 62 159
2 62 32
2 62 33
2 62 91
2 62 185
2 6 20
2 10 31
2 10 159
2 10 251
2 10 185
2 10 181
2 55 234
2 55 235
2 55 107
2 55 232
2 55 274
2 31 218
2 31 219
2 31 36
2 31 32
2 31 171
2 31 150
2 31 242
2 31 270
2 31 58
2 31 115
2 31 139
2 31 250
2 31 251
2 31 252
2 218 219
2 218 124
2 219 124
2 255 259
2 255 129
2 255 171
2 255 168
2 255 34
2 255 39
2 255 208
2 255 209
2 255 236
2 255 238
2 255 151
2 255 149
2 255 223
2 255 227
2 255 231
2 255 232
2 255 228
2 255 244
2 255 123
2 259 130
2 259 171
2 259 168
2 259 34
2 259 39
2 259 208
2 259 209
2 259 236
2 259 238
2 259 151
2 259 149
2 259 237
2 259 223
2 259 229
2 259 224
2 259 227
2 259 231
2 259 232
2 259 228
2 259 202
2 259 111
2 129 36
2 129 171
2 129 37
2 129 38
2 129 199
2 129 228
2 129 110
2 129 123
2 130 32
2 130 171
2 130 33
2 130 38
2 130 199
2 130 227
2 130 122
2 130 111
2 88 37
2 88 33
2 88 39
2 88 270
2 88 162
2 88 227
2 88 231
2 88 228
2 88 244
2 90 248
2 90 109
2 90 58
2 90 227
2 90 231
2 90 232
2 90 228
2 90 206
2 90 207
2 52 20
2 52 222
2 52 221
2 158 37
2 159 33
2 159 235
2 36 168
2 36 242
2 36 245
2 36 244
2 32 168
2 32 242
2 32 243
2 32 202
2 171 234
2 171 235
2 171 241
2 171 150
2 171 123
2 171 111
2 37 38
2 37 236
2 37 238
2 37 270
2 37 246
2 37 237
2 37 239
2 37 240
2 37 231
2 37 232
2 37 132
2 33 38
2 33 236
2 33 238
2 33 242
2 33 270
2 33 246
2 33 237
2 33 239
2 33 240
2 33 227
2 33 231
2 234 274
2 234 277
2 235 275
2 235 279
2 235 202
2 168 91
2 168 244
2 168 202
2 38 208
2 38 236
2 38 238
2 38 248
2 38 231
2 38 228
2 38 123
2 38 111
2 34 236
2 34 237
2 34 230
2 34 231
2 34 232
2 39 208
2 39 238
2 39 149
2 39 150
2 39 246
2 39 224
2 39 227
2 39 228
2 208 238
2 208 149
2 208 228
2 208 122
2 208 123
2 209 236
2 209 151
2 209 232
2 209 206
2 209 110
2 209 111
2 236 238
2 236 241
2 236 242
2 236 270
2 236 20
2 236 91
2 236 207
2 238 242
2 238 20
2 238 91
2 238 243
2 238 207
2 238 202
2 151 20
2 151 279
2 151 110
2 151 111
2 149 91
2 149 41
2 149 226
2 149 275
2 149 122
2 149 123
2 199 162
2 199 58
2 199 275
2 233 274
2 233 277
2 241 245
2 241 275
2 241 277
2 241 279
2 150 247
2 150 163
2 150 231
2 150 277
2 150 279
2 242 91
2 242 237
2 242 248
2 242 132
2 270 239
2 20 245
2 20 237
2 20 224
2 20 131
2 20 226
2 20 247
2 20 244
2 91 246
2 91 202
2 243 109
2 245 109
2 246 247
2 246 132
2 237 163
2 237 132
2 239 58
2 239 231
2 240 162
2 240 227
2 107 113
2 107 132
2 224 206
2 230 207
2 230 202
2 41 111
2 131 111
2 226 123
2 162 207
2 58 206
2 227 228
2 227 110
2 227 122
2 231 232
2 231 110
2 232 111
2 228 123
2 275 122
2 206 244
2 206 252
2 207 202
2 112 132
2 112 181
2 113 66
2 113 132
2 113 133
2 113 181
2 113 67
2 66 70
2 66 132
2 66 67
2 66 220
2 70 144
2 70 183
2 72 222
2 114 135
2 114 222
2 114 253
2 76 249
2 80 115
2 80 136
2 80 138
2 80 249
2 80 186
2 115 138
2 115 212
2 117 124
2 117 139
2 117 267
2 117 272
2 124 140
2 124 272
2 124 221
2 132 181
2 132 67
2 133 251
2 133 67
2 133 220
2 134 222
2 135 253
2 136 137
2 136 253
2 136 249
2 138 118
2 138 212
2 138 145
2 118 145
2 139 267
2 139 272
2 140 272
2 250 251
2 250 185
2 250 156
2 250 181
2 250 67
2 250 220
2 250 183
2 250 222
2 250 253
2 251 185
2 251 181
2 251 67
2 251 183
2 251 222
2 251 253
2 185 156
2 185 252
2 185 181
2 185 67
2 185 220
2 185 183
2 185 222
2 185 253
2 185 249
2 156 252
