75 476 476
3 1 2
3 2 1
4 3 4
4 5 4
4 6 4
4 7 4
4 7 8
4 9 4
4 2 4
4 10 4
4 11 4
4 12 4
4 13 4
4 14 4
4 15 4
4 16 3
4 17 4
4 4 5
4 4 6
4 4 7
4 4 9
4 4 2
4 4 10
4 4 11
4 4 12
4 4 13
4 4 14
4 4 15
4 4 16
4 4 17
4 4 18
4 4 19
4 4 8
4 4 20
4 4 21
4 4 22
4 18 4
4 19 4
4 8 7
4 8 4
4 8 23
4 20 4
4 23 8
4 21 4
4 22 4
6 3 24
6 25 26
6 25 27
6 25 24
6 28 24
6 29 24
6 30 26
6 31 24
6 32 26
6 32 24
6 9 24
6 33 26
6 33 24
6 26 25
6 26 30
6 26 32
6 26 33
6 26 34
6 26 35
6 26 10
6 26 36
6 26 37
6 26 38
6 26 12
6 26 39
6 26 40
6 26 41
6 26 14
6 26 42
6 26 43
6 26 16
6 26 17
6 26 44
6 26 45
6 26 46
6 26 47
6 26 48
6 26 49
6 26 50
6 26 51
6 26 19
6 26 20
6 26 23
6 26 52
6 26 53
6 26 22
6 34 26
6 34 27
6 34 24
6 35 26
6 35 24
6 54 55
6 54 16
6 56 57
6 10 26
6 10 27
6 10 24
6 36 26
6 27 25
6 27 34
6 27 10
6 27 14
6 27 57
6 27 48
6 27 24
6 27 20
6 37 26
6 38 26
6 38 24
6 12 26
6 12 24
6 39 26
6 40 26
6 41 26
6 41 24
6 58 57
6 55 54
6 55 57
6 14 26
6 14 27
6 14 24
6 42 26
6 43 26
6 16 26
6 16 54
6 16 24
6 17 26
6 57 56
6 57 27
6 57 58
6 57 55
6 57 24
6 44 26
6 44 24
6 45 26
6 45 24
6 46 26
6 46 24
6 47 26
6 47 24
6 48 26
6 48 27
6 48 24
6 24 3
6 24 25
6 24 28
6 24 29
6 24 31
6 24 32
6 24 9
6 24 33
6 24 34
6 24 35
6 24 10
6 24 27
6 24 38
6 24 12
6 24 41
6 24 14
6 24 16
6 24 57
6 24 44
6 24 45
6 24 46
6 24 47
6 24 48
6 24 19
6 24 20
6 24 23
6 24 53
6 49 26
6 50 26
6 51 26
6 19 26
6 19 24
6 20 26
6 20 27
6 20 24
6 23 26
6 23 24
6 52 26
6 53 26
6 53 24
6 22 26
7 59 60
7 59 61
7 60 59
7 60 62
7 60 63
7 60 64
7 32 64
7 32 65
7 66 64
7 34 64
7 67 61
7 68 69
7 62 60
7 62 61
7 70 61
7 70 63
7 61 59
7 61 67
7 61 62
7 61 70
7 61 63
7 61 50
7 61 64
7 71 64
7 69 68
7 69 64
7 72 64
7 73 64
7 63 60
7 63 70
7 63 61
7 50 61
7 64 60
7 64 32
7 64 66
7 64 34
7 64 61
7 64 71
7 64 69
7 64 72
7 64 73
7 65 32
8 74 75
8 76 77
8 76 78
8 77 76
8 77 79
8 80 81
8 82 79
8 82 83
8 84 78
8 78 76
8 78 84
8 85 83
8 75 74
8 79 77
8 79 82
8 81 80
8 83 82
8 83 85
10 86 87
10 86 88
10 86 89
10 86 90
10 91 92
10 91 93
10 94 89
10 94 95
10 92 91
10 92 96
10 92 97
10 92 98
10 92 99
10 93 91
10 93 100
10 93 101
10 93 90
10 87 86
10 88 86
10 88 89
10 96 92
10 89 86
10 89 94
10 89 88
10 89 100
10 89 55
10 89 90
10 100 93
10 100 89
10 100 97
10 100 99
10 101 93
10 55 89
10 97 92
10 97 100
10 102 99
10 95 94
10 98 92
10 90 86
10 90 93
10 90 89
10 99 92
10 99 100
10 99 102
13 5 28
13 74 28
13 6 28
13 28 5
13 28 6
13 28 2
13 28 103
13 28 56
13 28 10
13 28 11
13 28 12
13 28 104
13 28 14
13 28 15
13 28 45
13 28 46
13 28 105
13 28 24
13 28 18
13 28 106
13 28 107
13 28 19
13 28 20
13 28 22
13 2 28
13 103 74
13 56 28
13 10 28
13 11 28
13 12 28
13 104 28
13 14 28
13 15 28
13 45 28
13 46 28
13 105 28
13 24 28
13 18 28
13 106 28
13 107 28
13 19 28
13 20 28
13 22 28
14 91 87
14 91 108
14 109 110
14 111 23
14 112 110
14 92 113
14 114 115
14 114 95
14 114 23
14 116 110
14 115 114
14 115 110
14 87 91
14 87 117
14 87 95
14 87 17
14 87 23
14 87 65
14 100 110
14 108 91
14 117 87
14 95 114
14 95 87
14 95 110
14 17 87
14 90 65
14 113 92
14 113 110
14 23 111
14 23 114
14 23 87
14 23 110
14 65 87
14 65 90
14 118 110
14 110 109
14 110 112
14 110 116
14 110 115
14 110 100
14 110 95
14 110 113
14 110 23
14 110 118
16 119 120
16 121 120
16 114 115
16 115 114
16 115 120
16 122 120
16 120 119
16 120 121
16 120 115
16 120 122
16 120 118
16 118 120
17 123 124
17 125 124
17 103 124
17 124 123
17 124 125
17 124 103
17 124 126
17 126 124
22 28 45
22 127 45
22 127 22
22 103 45
22 45 28
22 45 127
22 45 103
22 22 127
25 59 128
25 59 129
25 59 43
25 59 130
25 131 129
25 131 43
25 131 130
25 132 129
25 132 43
25 132 130
25 133 129
25 133 43
25 133 130
25 128 59
25 129 59
25 129 131
25 129 132
25 129 133
25 43 59
25 43 131
25 43 132
25 43 133
25 130 59
25 130 131
25 130 132
25 130 133
26 134 135
26 136 135
26 135 134
26 135 136
26 135 137
26 137 135
27 138 126
27 139 126
27 140 126
27 126 138
27 126 139
27 126 140
29 141 123
29 141 142
29 143 144
29 143 145
29 143 146
29 143 147
29 143 148
29 149 150
29 149 151
29 149 147
29 123 141
29 123 152
29 123 150
29 123 153
29 123 154
29 123 155
29 123 156
29 123 157
29 123 158
29 123 159
29 123 160
29 123 161
29 123 142
29 123 147
29 123 162
29 163 164
29 163 144
29 163 165
29 163 166
29 163 148
29 152 123
29 152 167
29 152 135
29 152 168
29 152 169
29 150 149
29 150 123
29 150 152
29 150 151
29 150 170
29 150 171
29 150 167
29 150 172
29 150 173
29 150 174
29 150 168
29 150 175
29 150 147
29 164 163
29 164 144
29 164 165
29 103 155
29 103 157
29 103 162
29 151 149
29 151 150
29 151 147
29 151 169
29 153 123
29 153 135
29 154 123
29 154 153
29 154 156
29 154 135
29 77 135
29 176 144
29 176 147
29 155 123
29 155 103
29 144 143
29 144 164
29 144 176
29 144 177
29 144 165
29 144 178
29 144 147
29 156 123
29 156 154
29 156 135
29 156 161
29 177 164
29 177 144
29 177 165
29 145 143
29 145 146
29 145 178
29 145 147
29 145 166
29 145 148
29 157 123
29 157 103
29 157 142
29 158 123
29 158 159
29 158 142
29 158 169
29 146 147
29 170 150
29 170 173
29 170 175
29 165 143
29 165 164
29 165 144
29 165 177
29 165 148
29 171 150
29 171 167
29 171 179
29 171 168
29 171 169
29 159 123
29 159 158
29 159 169
29 167 150
29 167 171
29 167 180
29 167 169
29 181 142
29 172 150
29 135 152
29 135 153
29 135 154
29 135 77
29 135 156
29 135 182
29 135 183
29 135 161
29 135 168
29 179 171
29 179 180
29 179 169
29 173 150
29 173 170
29 182 135
29 180 167
29 180 179
29 180 169
29 183 135
29 183 161
29 160 123
29 174 149
29 174 150
29 174 175
29 174 147
29 161 123
29 161 156
29 161 135
29 161 183
29 178 144
29 178 145
29 178 147
29 168 152
29 168 150
29 168 135
29 168 169
29 142 141
29 142 157
29 142 158
29 142 181
29 142 162
29 175 150
29 175 170
29 175 174
29 147 143
29 147 149
29 147 123
29 147 150
29 147 151
29 147 176
29 147 144
29 147 177
29 147 145
29 147 146
29 147 174
29 147 178
29 147 148
29 169 152
29 169 151
29 169 158
29 169 171
29 169 159
29 169 167
29 169 179
29 169 180
29 169 168
29 169 162
29 162 123
29 162 103
29 162 142
29 162 169
29 166 163
29 166 145
29 166 148
29 148 143
29 148 163
29 148 145
29 148 165
29 148 147
29 148 166
31 92 89
31 89 92
31 89 17
31 184 17
31 17 89
31 17 184
33 185 60
41 11 33
42 186 187
42 25 33
42 25 188
42 25 189
42 25 190
42 25 15
42 25 4
42 25 191
42 25 192
42 25 193
42 25 21
42 28 194
42 28 54
42 28 195
42 28 196
42 28 197
42 28 198
42 28 58
42 28 84
42 28 199
42 123 189
42 123 193
42 187 186
42 187 188
42 187 189
42 187 190
42 187 15
42 187 17
42 187 105
42 187 4
42 187 191
42 187 192
42 187 193
42 187 21
42 7 198
42 32 33
42 32 15
42 32 17
42 200 195
42 200 198
42 33 25
42 33 32
42 33 194
42 33 54
42 33 195
42 33 10
42 33 197
42 33 201
42 33 202
42 33 203
42 33 198
42 33 13
42 33 84
42 33 14
42 33 42
42 33 199
42 33 191
42 33 21
42 204 188
42 204 189
42 204 190
42 204 15
42 204 205
42 204 4
42 204 191
42 204 192
42 204 193
42 204 21
42 204 206
42 26 189
42 26 190
42 207 190
42 207 15
42 188 25
42 188 187
42 188 204
42 188 54
42 188 10
42 188 208
42 188 198
42 188 13
42 188 51
42 188 209
42 188 210
42 194 28
42 194 33
42 194 104
42 194 15
42 194 4
42 194 21
42 34 15
42 211 15
42 212 195
42 212 198
42 212 14
42 54 28
42 54 33
42 54 188
42 54 189
42 54 190
42 54 15
42 54 205
42 54 105
42 54 4
42 54 191
42 54 192
42 54 193
42 54 206
42 195 28
42 195 200
42 195 33
42 195 212
42 195 189
42 195 190
42 195 15
42 195 213
42 195 105
42 195 4
42 195 193
42 195 21
42 195 206
42 10 33
42 10 188
42 10 17
42 10 4
42 10 191
42 10 192
42 10 193
42 10 21
42 196 28
42 196 105
42 208 188
42 208 15
42 208 4
42 208 192
42 189 25
42 189 123
42 189 187
42 189 204
42 189 26
42 189 54
42 189 195
42 189 214
42 189 197
42 189 155
42 189 215
42 189 216
42 189 198
42 189 84
42 189 199
42 189 217
42 189 142
42 189 218
42 189 169
42 189 162
42 214 189
42 214 21
42 67 21
42 197 28
42 197 33
42 197 189
42 197 21
42 201 33
42 155 189
42 202 33
42 202 190
42 202 4
42 203 33
42 203 198
42 190 25
42 190 187
42 190 204
42 190 26
42 190 207
42 190 54
42 190 195
42 190 202
42 190 198
42 190 84
42 190 199
42 190 217
42 190 142
42 190 162
42 215 189
42 219 198
42 104 194
42 104 198
42 216 189
42 216 193
42 216 21
42 198 28
42 198 7
42 198 200
42 198 33
42 198 188
42 198 212
42 198 189
42 198 203
42 198 190
42 198 219
42 198 104
42 198 220
42 198 15
42 198 205
42 198 17
42 198 213
42 198 105
42 198 4
42 198 191
42 198 192
42 198 8
42 198 193
42 198 21
42 198 206
42 220 198
42 220 162
42 13 33
42 13 188
42 13 15
42 13 4
42 13 191
42 13 192
42 58 28
42 58 105
42 84 28
42 84 33
42 84 189
42 84 190
42 84 105
42 84 21
42 14 33
42 14 212
42 14 15
42 42 33
42 42 15
42 42 17
42 199 28
42 199 33
42 199 189
42 199 190
42 199 205
42 199 21
42 217 189
42 217 190
42 217 205
42 15 25
42 15 187
42 15 32
42 15 204
42 15 207
42 15 194
42 15 34
42 15 211
42 15 54
42 15 195
42 15 208
42 15 198
42 15 13
42 15 14
42 15 42
42 15 221
42 15 51
42 15 209
42 15 65
42 15 210
42 205 204
42 205 54
42 205 198
42 205 199
42 205 217
42 205 162
42 17 187
42 17 32
42 17 10
42 17 198
42 17 42
42 17 51
42 221 15
42 213 195
42 213 198
42 213 162
42 105 187
42 105 54
42 105 195
42 105 196
42 105 198
42 105 58
42 105 84
42 105 51
42 4 25
42 4 187
42 4 204
42 4 194
42 4 54
42 4 195
42 4 10
42 4 208
42 4 202
42 4 198
42 4 13
42 4 51
42 4 209
42 142 189
42 142 190
42 142 193
42 191 25
42 191 187
42 191 33
42 191 204
42 191 54
42 191 10
42 191 198
42 191 13
42 218 189
42 169 189
42 162 189
42 162 190
42 162 220
42 162 205
42 162 213
42 162 193
42 162 21
42 162 206
42 51 188
42 51 15
42 51 17
42 51 105
42 51 4
42 51 192
42 192 25
42 192 187
42 192 204
42 192 54
42 192 10
42 192 208
42 192 198
42 192 13
42 192 51
42 192 209
42 8 198
42 209 188
42 209 15
42 209 4
42 209 192
42 193 25
42 193 123
42 193 187
42 193 204
42 193 54
42 193 195
42 193 10
42 193 216
42 193 198
42 193 142
42 193 162
42 65 15
42 21 25
42 21 187
42 21 33
42 21 204
42 21 194
42 21 195
42 21 10
42 21 214
42 21 67
42 21 197
42 21 216
42 21 198
42 21 84
42 21 199
42 21 162
42 206 204
42 206 54
42 206 195
42 206 198
42 206 162
42 210 188
42 210 15
45 141 222
45 141 198
45 223 222
45 223 216
45 3 224
45 3 225
45 3 1
45 3 2
45 3 214
45 3 201
45 3 222
45 3 216
45 3 198
45 3 41
45 3 14
45 3 181
45 3 226
45 3 48
45 3 227
45 228 14
45 59 2
45 229 224
45 229 225
45 229 1
45 229 230
45 229 214
45 229 201
45 229 222
45 229 216
45 229 198
45 229 41
45 229 181
45 229 226
45 229 48
45 5 224
45 5 225
45 5 1
45 5 230
45 5 10
45 5 214
45 5 201
45 5 222
45 5 39
45 5 216
45 5 198
45 5 41
45 5 14
45 5 181
45 5 17
45 5 226
45 5 48
45 5 227
45 74 201
45 6 230
45 6 10
45 6 222
45 6 41
45 6 14
45 6 227
45 25 224
45 25 225
45 25 1
45 25 2
45 25 201
45 25 222
45 25 216
45 25 198
45 25 128
45 25 14
45 25 43
45 25 181
45 25 226
45 25 227
45 231 201
45 231 14
45 232 128
45 224 3
45 224 229
45 224 5
45 224 25
45 224 233
45 224 225
45 224 2
45 224 230
45 224 234
45 224 214
45 224 201
45 224 235
45 224 222
45 224 216
45 224 198
45 224 41
45 224 236
45 224 181
45 224 226
45 224 48
45 233 224
45 233 67
45 233 201
45 29 201
45 29 41
45 29 48
45 237 2
45 30 2
45 30 222
45 60 1
45 60 201
45 60 222
45 60 62
45 60 39
45 60 198
45 60 128
45 60 14
45 60 43
45 238 201
45 32 222
45 32 14
45 225 3
45 225 229
45 225 5
45 225 25
45 225 224
45 225 2
45 225 103
45 225 230
45 225 234
45 225 10
45 225 239
45 225 240
45 225 214
45 225 67
45 225 201
45 225 241
45 225 242
45 225 235
45 225 128
45 225 13
45 225 243
45 225 43
45 225 181
45 225 16
45 225 17
45 225 221
45 225 227
45 225 49
45 225 50
45 225 185
45 9 1
45 9 201
45 9 128
45 9 14
45 9 43
45 9 227
45 9 185
45 1 3
45 1 229
45 1 5
45 1 25
45 1 60
45 1 9
45 1 33
45 1 103
45 1 35
45 1 56
45 1 230
45 1 10
45 1 240
45 1 244
45 1 222
45 1 39
45 1 40
45 1 13
45 1 41
45 1 42
45 1 43
45 1 61
45 1 245
45 1 16
45 1 57
45 1 246
45 1 227
45 1 50
45 1 185
45 1 64
45 33 1
45 33 2
45 33 201
45 33 222
45 33 198
45 33 227
45 66 14
45 66 48
45 2 3
45 2 59
45 2 25
45 2 224
45 2 237
45 2 30
45 2 225
45 2 33
45 2 103
45 2 34
45 2 230
45 2 214
45 2 235
45 2 39
45 2 216
45 2 198
45 2 13
45 2 14
45 2 43
45 2 245
45 2 17
45 2 185
45 2 64
45 2 65
45 26 222
45 103 225
45 103 1
45 103 2
45 103 201
45 103 222
45 103 39
45 103 41
45 103 14
45 103 48
45 103 227
45 34 2
45 34 201
45 34 222
45 34 14
45 35 1
45 54 198
45 56 1
45 56 222
45 230 229
45 230 5
45 230 6
45 230 224
45 230 225
45 230 1
45 230 2
45 230 67
45 230 201
45 230 235
45 230 222
45 230 39
45 230 198
45 230 128
45 230 13
45 230 55
45 230 14
45 230 48
45 230 50
45 234 224
45 234 225
45 234 214
45 234 222
45 234 216
45 234 198
45 234 181
45 234 130
45 234 226
45 10 5
45 10 6
45 10 225
45 10 1
45 10 201
45 10 222
45 10 39
45 10 128
45 10 13
45 10 14
45 10 43
45 10 130
45 10 69
45 10 227
45 10 185
45 10 64
45 239 225
45 239 222
45 239 39
45 240 225
45 240 1
45 240 222
45 240 216
45 247 222
45 214 3
45 214 229
45 214 5
45 214 224
45 214 225
45 214 2
45 214 234
45 214 201
45 214 248
45 214 222
45 214 198
45 214 16
45 214 48
45 214 227
45 67 233
45 67 225
45 67 230
45 67 222
45 67 216
45 67 198
45 67 48
45 201 3
45 201 229
45 201 5
45 201 74
45 201 25
45 201 231
45 201 224
45 201 233
45 201 29
45 201 60
45 201 238
45 201 225
45 201 9
45 201 33
45 201 103
45 201 34
45 201 230
45 201 10
45 201 214
45 201 249
45 201 222
45 201 39
45 201 216
45 201 198
45 201 13
45 201 41
45 201 42
45 201 43
45 201 181
45 201 61
45 201 245
45 201 130
45 201 57
45 201 246
45 201 226
45 201 48
45 201 250
45 201 227
45 201 185
45 201 64
45 244 1
45 244 222
45 244 198
45 244 41
45 241 225
45 241 222
45 241 216
45 242 225
45 242 222
45 242 198
45 251 222
45 251 216
45 248 214
45 248 216
45 248 226
45 252 198
45 252 41
45 235 224
45 235 225
45 235 2
45 235 230
45 235 222
45 235 216
45 249 201
45 253 222
45 222 141
45 222 223
45 222 3
45 222 229
45 222 5
45 222 6
45 222 25
45 222 224
45 222 30
45 222 60
45 222 32
45 222 1
45 222 33
45 222 26
45 222 103
45 222 34
45 222 56
45 222 230
45 222 234
45 222 10
45 222 239
45 222 240
45 222 247
45 222 214
45 222 67
45 222 201
45 222 244
45 222 241
45 222 242
45 222 251
45 222 235
45 222 253
45 222 254
45 222 39
45 222 40
45 222 255
45 222 128
45 222 13
45 222 243
45 222 236
45 222 70
45 222 129
45 222 55
45 222 14
45 222 42
45 222 43
45 222 245
45 222 16
45 222 69
45 222 17
45 222 221
45 222 46
45 222 4
45 222 250
45 222 227
45 222 49
45 222 50
45 222 256
45 222 185
45 222 257
45 222 64
45 222 20
45 222 209
45 222 65
45 222 53
45 222 22
45 62 60
45 62 43
45 62 185
45 254 222
45 254 130
45 39 5
45 39 60
45 39 1
45 39 2
45 39 103
45 39 230
45 39 10
45 39 239
45 39 201
45 39 222
45 39 198
45 39 128
45 39 13
45 39 14
45 39 258
45 39 227
45 39 64
45 104 48
45 40 1
45 40 222
45 216 223
45 216 3
45 216 229
45 216 5
45 216 25
45 216 224
45 216 2
45 216 234
45 216 240
45 216 67
45 216 201
45 216 241
45 216 251
45 216 248
45 216 235
45 216 13
45 216 43
45 216 16
45 216 227
45 216 49
45 198 141
45 198 3
45 198 229
45 198 5
45 198 25
45 198 224
45 198 60
45 198 33
45 198 2
45 198 54
45 198 230
45 198 234
45 198 214
45 198 67
45 198 201
45 198 244
45 198 242
45 198 252
45 198 39
45 198 13
45 198 14
45 198 43
45 198 227
45 198 49
45 198 22
45 255 222
45 255 14
45 128 25
45 128 232
45 128 60
45 128 225
45 128 9
45 128 230
45 128 10
45 128 222
45 128 39
45 128 13
45 128 43
45 128 61
45 128 245
45 128 17
45 128 48
45 128 227
45 128 185
45 128 64
45 13 225
45 13 1
45 13 2
45 13 230
45 13 10
45 13 201
45 13 222
45 13 39
45 13 216
45 13 198
45 13 128
45 13 14
45 13 227
45 13 185
45 41 3
45 41 229
45 41 5
45 41 6
45 41 224
45 41 29
45 41 1
45 41 103
45 41 201
45 41 244
45 41 252
45 41 236
45 41 55
45 41 16
45 41 4
45 41 227
45 41 50
45 41 64
45 243 225
45 243 222
45 236 224
45 236 222
45 236 41
45 236 181
45 70 222
45 129 222
45 55 230
45 55 222
45 55 41
45 55 48
45 14 3
45 14 228
45 14 5
45 14 6
45 14 25
45 14 231
45 14 60
45 14 32
45 14 9
45 14 66
45 14 2
45 14 103
45 14 34
45 14 230
45 14 10
45 14 222
45 14 39
45 14 198
45 14 255
45 14 13
45 14 42
45 14 71
45 14 69
45 14 17
45 14 73
45 14 227
45 14 185
45 42 1
45 42 201
45 42 222
45 42 14
45 42 43
45 42 130
45 42 48
45 42 227
45 42 64
45 43 25
45 43 60
45 43 225
45 43 9
45 43 1
45 43 2
45 43 10
45 43 201
45 43 222
45 43 62
45 43 216
45 43 198
45 43 128
45 43 42
45 43 61
45 43 130
45 43 48
45 43 227
45 43 185
45 43 64
45 181 3
45 181 229
45 181 5
45 181 25
45 181 224
45 181 225
45 181 234
45 181 201
45 181 236
45 61 1
45 61 201
45 61 128
45 61 43
45 61 185
45 71 14
45 71 227
45 245 1
45 245 2
45 245 201
45 245 222
45 245 128
45 245 185
45 130 234
45 130 10
45 130 201
45 130 254
45 130 42
45 130 43
45 130 221
45 130 227
45 130 185
45 130 64
45 258 39
45 258 48
45 16 225
45 16 1
45 16 214
45 16 222
45 16 216
45 16 41
45 16 48
45 16 227
45 69 10
45 69 222
45 69 14
45 17 5
45 17 225
45 17 2
45 17 222
45 17 128
45 17 14
45 17 48
45 57 1
45 57 201
45 221 225
45 221 222
45 221 130
45 221 227
45 246 1
45 246 201
45 226 3
45 226 229
45 226 5
45 226 25
45 226 224
45 226 234
45 226 201
45 226 248
45 226 64
45 46 222
45 46 227
45 4 222
45 4 41
45 4 48
45 48 3
45 48 229
45 48 5
45 48 224
45 48 29
45 48 66
45 48 103
45 48 230
45 48 214
45 48 67
45 48 201
45 48 104
45 48 128
45 48 55
45 48 42
45 48 43
45 48 258
45 48 16
45 48 17
45 48 4
45 73 14
45 250 201
45 250 222
45 227 3
45 227 5
45 227 6
45 227 25
45 227 225
45 227 9
45 227 1
45 227 33
45 227 103
45 227 10
45 227 214
45 227 201
45 227 222
45 227 39
45 227 216
45 227 198
45 227 128
45 227 13
45 227 41
45 227 14
45 227 42
45 227 43
45 227 71
45 227 130
45 227 16
45 227 221
45 227 46
45 227 50
45 227 64
45 49 225
45 49 222
45 49 216
45 49 198
45 50 225
45 50 1
45 50 230
45 50 222
45 50 41
45 50 227
45 256 222
45 185 225
45 185 9
45 185 1
45 185 2
45 185 10
45 185 201
45 185 222
45 185 62
45 185 128
45 185 13
45 185 14
45 185 43
45 185 61
45 185 245
45 185 130
45 185 64
45 257 222
45 64 1
45 64 2
45 64 10
45 64 201
45 64 222
45 64 39
45 64 128
45 64 41
45 64 42
45 64 43
45 64 130
45 64 226
45 64 227
45 64 185
45 20 222
45 209 222
45 65 2
45 65 222
45 53 222
45 22 222
45 22 198
46 11 13
46 13 11
47 141 259
47 141 233
47 141 2
47 141 260
47 141 261
47 141 41
47 3 262
47 3 263
47 229 262
47 229 263
47 5 233
47 5 264
47 5 262
47 5 242
47 5 263
47 265 266
47 265 214
47 265 267
47 259 141
47 259 233
47 259 268
47 259 230
47 259 264
47 259 262
47 259 214
47 259 242
47 259 249
47 259 222
47 259 41
47 259 181
47 259 263
47 233 141
47 233 5
47 233 259
47 233 2
47 233 269
47 233 56
47 233 230
47 233 270
47 233 214
47 233 27
47 233 242
47 233 251
47 233 248
47 233 14
47 233 24
47 233 271
47 272 256
47 266 265
47 266 214
47 225 2
47 225 248
47 273 214
47 2 141
47 2 233
47 2 225
47 2 268
47 2 230
47 2 264
47 2 262
47 2 104
47 2 41
47 2 181
47 274 275
47 274 214
47 269 233
47 269 264
47 269 262
47 269 263
47 268 259
47 268 2
47 268 230
47 268 214
47 276 277
47 275 274
47 275 262
47 275 263
47 56 233
47 56 41
47 56 263
47 230 259
47 230 233
47 230 2
47 230 268
47 230 264
47 230 262
47 230 251
47 230 260
47 230 261
47 230 41
47 230 277
47 230 263
47 230 267
47 230 278
47 279 263
47 264 5
47 264 259
47 264 2
47 264 269
47 264 230
47 264 214
47 264 248
47 280 80
47 262 3
47 262 229
47 262 5
47 262 259
47 262 2
47 262 269
47 262 275
47 262 230
47 262 270
47 262 214
47 262 201
47 262 248
47 262 41
47 262 181
47 262 49
47 270 233
47 270 262
47 270 248
47 270 222
47 270 263
47 214 265
47 214 259
47 214 233
47 214 266
47 214 273
47 214 274
47 214 268
47 214 264
47 214 262
47 214 281
47 214 251
47 214 260
47 214 249
47 214 261
47 214 41
47 214 263
47 214 267
47 214 282
47 201 262
47 201 251
47 201 248
47 201 263
47 27 233
47 27 41
47 27 263
47 80 280
47 80 283
47 80 284
47 80 285
47 80 286
47 80 287
47 80 288
47 80 289
47 80 290
47 281 214
47 242 5
47 242 259
47 242 233
47 242 230
47 242 260
47 242 222
47 242 261
47 242 41
47 242 267
47 251 233
47 251 230
47 251 214
47 251 201
47 251 222
47 251 216
47 251 41
47 248 233
47 248 225
47 248 264
47 248 262
47 248 270
47 248 201
47 248 222
47 248 41
47 248 263
47 283 80
47 284 80
47 285 80
47 260 141
47 260 230
47 260 214
47 260 242
47 260 261
47 286 80
47 249 259
47 249 214
47 249 263
47 222 259
47 222 270
47 222 242
47 222 251
47 222 248
47 222 181
47 222 291
47 292 263
47 216 251
47 261 141
47 261 230
47 261 214
47 261 242
47 261 260
47 41 141
47 41 259
47 41 2
47 41 56
47 41 230
47 41 262
47 41 214
47 41 27
47 41 242
47 41 251
47 41 248
47 41 14
47 41 293
47 41 291
47 41 61
47 41 277
47 41 263
47 287 80
47 129 130
47 14 233
47 14 41
47 181 259
47 181 2
47 181 262
47 181 222
47 181 263
47 293 41
47 291 222
47 291 41
47 288 80
47 61 41
47 61 263
47 277 276
47 277 230
47 277 41
47 130 263
47 294 263
47 263 3
47 263 229
47 263 5
47 263 259
47 263 269
47 263 275
47 263 56
47 263 230
47 263 279
47 263 270
47 263 214
47 263 201
47 263 27
47 263 248
47 263 249
47 263 292
47 263 41
47 263 181
47 263 61
47 263 130
47 263 294
47 263 49
47 24 233
47 295 80
47 267 265
47 267 230
47 267 214
47 267 242
47 49 262
47 49 263
47 289 80
47 256 272
47 282 214
47 290 295
47 271 233
47 278 230
48 232 60
48 60 232
48 60 294
48 296 128
48 128 296
48 297 130
48 130 297
48 294 60
51 201 13
56 141 11
56 3 11
56 3 55
56 3 19
56 5 11
56 5 244
56 5 55
56 298 55
56 74 56
56 74 11
56 74 244
56 74 55
56 74 19
56 6 56
56 6 11
56 6 55
56 6 46
56 25 56
56 25 11
56 25 55
56 25 19
56 28 11
56 28 55
56 123 11
56 187 11
56 233 56
56 233 11
56 233 244
56 233 55
56 233 19
56 29 56
56 29 11
56 29 55
56 125 11
56 30 56
56 30 11
56 30 55
56 30 19
56 31 11
56 31 55
56 32 55
56 9 11
56 9 27
56 9 244
56 9 254
56 9 55
56 9 14
56 9 19
56 9 193
56 1 56
56 1 11
56 1 244
56 1 55
56 33 56
56 33 11
56 33 244
56 33 55
56 33 19
56 2 56
56 2 11
56 2 244
56 2 55
56 2 19
56 26 244
56 26 55
56 26 20
56 188 55
56 103 56
56 103 11
56 103 27
56 103 244
56 103 55
56 103 24
56 103 19
56 34 236
56 34 55
56 34 19
56 299 11
56 299 55
56 92 11
56 92 55
56 300 55
56 35 56
56 35 11
56 35 55
56 275 11
56 56 74
56 56 6
56 56 25
56 56 233
56 56 29
56 56 30
56 56 1
56 56 33
56 56 2
56 56 103
56 56 35
56 56 10
56 56 239
56 56 11
56 56 77
56 56 301
56 56 201
56 56 244
56 56 80
56 56 302
56 56 235
56 56 190
56 56 100
56 56 38
56 56 12
56 56 303
56 56 128
56 56 13
56 56 41
56 56 236
56 56 55
56 56 14
56 56 43
56 56 181
56 56 304
56 56 135
56 56 15
56 56 205
56 56 17
56 56 46
56 56 24
56 56 257
56 56 19
56 56 20
56 56 23
56 56 209
56 56 21
56 56 206
56 56 22
56 230 11
56 234 11
56 234 55
56 10 56
56 10 11
56 10 55
56 10 19
56 36 11
56 305 11
56 305 55
56 306 11
56 306 55
56 239 56
56 239 19
56 11 141
56 11 3
56 11 5
56 11 74
56 11 6
56 11 25
56 11 28
56 11 123
56 11 187
56 11 233
56 11 29
56 11 125
56 11 30
56 11 31
56 11 9
56 11 1
56 11 33
56 11 2
56 11 103
56 11 299
56 11 92
56 11 35
56 11 275
56 11 56
56 11 230
56 11 234
56 11 10
56 11 36
56 11 305
56 11 306
56 11 189
56 11 93
56 11 77
56 11 301
56 11 201
56 11 27
56 11 244
56 11 80
56 11 241
56 11 302
56 11 235
56 11 190
56 11 88
56 11 307
56 11 100
56 11 38
56 11 12
56 11 254
56 11 39
56 11 104
56 11 303
56 11 128
56 11 13
56 11 41
56 11 236
56 11 129
56 11 308
56 11 55
56 11 14
56 11 43
56 11 304
56 11 245
56 11 135
56 11 15
56 11 205
56 11 17
56 11 57
56 11 213
56 11 309
56 11 46
56 11 4
56 11 47
56 11 24
56 11 142
56 11 310
56 11 49
56 11 256
56 11 185
56 11 257
56 11 19
56 11 64
56 11 20
56 11 23
56 11 193
56 11 65
56 11 21
56 11 206
56 11 53
56 11 22
56 189 11
56 189 55
56 68 55
56 93 11
56 93 184
56 77 56
56 77 11
56 77 55
56 301 56
56 301 11
56 301 55
56 301 24
56 201 56
56 201 11
56 201 244
56 201 55
56 201 19
56 27 9
56 27 103
56 27 11
56 27 55
56 27 22
56 244 5
56 244 74
56 244 233
56 244 9
56 244 1
56 244 33
56 244 2
56 244 26
56 244 103
56 244 56
56 244 11
56 244 201
56 244 12
56 244 39
56 244 13
56 244 41
56 244 55
56 244 14
56 244 43
56 244 304
56 244 135
56 244 311
56 244 24
56 244 20
56 244 23
56 244 21
56 244 22
56 80 56
56 80 11
56 80 55
56 80 19
56 241 11
56 241 19
56 302 56
56 302 11
56 302 55
56 312 55
56 235 56
56 235 11
56 235 55
56 190 56
56 190 11
56 190 55
56 88 11
56 88 89
56 89 88
56 307 11
56 100 56
56 100 11
56 100 55
56 38 56
56 38 11
56 38 55
56 38 20
56 12 56
56 12 11
56 12 244
56 12 55
56 12 19
56 12 20
56 254 9
56 254 11
56 254 19
56 39 11
56 39 244
56 39 55
56 104 11
56 104 55
56 303 56
56 303 11
56 255 55
56 255 311
56 255 19
56 313 55
56 128 56
56 128 11
56 128 55
56 13 56
56 13 11
56 13 244
56 13 55
56 41 56
56 41 11
56 41 244
56 41 55
56 41 19
56 236 34
56 236 56
56 236 11
56 236 55
56 129 11
56 129 55
56 308 11
56 55 3
56 55 5
56 55 298
56 55 74
56 55 6
56 55 25
56 55 28
56 55 233
56 55 29
56 55 30
56 55 31
56 55 32
56 55 9
56 55 1
56 55 33
56 55 2
56 55 26
56 55 188
56 55 103
56 55 34
56 55 299
56 55 92
56 55 300
56 55 35
56 55 56
56 55 234
56 55 10
56 55 305
56 55 306
56 55 11
56 55 189
56 55 68
56 55 77
56 55 301
56 55 201
56 55 27
56 55 244
56 55 80
56 55 302
56 55 312
56 55 235
56 55 190
56 55 100
56 55 38
56 55 12
56 55 39
56 55 104
56 55 255
56 55 313
56 55 128
56 55 13
56 55 41
56 55 236
56 55 129
56 55 14
56 55 42
56 55 43
56 55 304
56 55 135
56 55 15
56 55 314
56 55 16
56 55 69
56 55 205
56 55 17
56 55 57
56 55 221
56 55 44
56 55 315
56 55 316
56 55 45
56 55 46
56 55 4
56 55 47
56 55 24
56 55 317
56 55 256
56 55 185
56 55 257
56 55 318
56 55 192
56 55 19
56 55 64
56 55 20
56 55 65
56 55 21
56 55 206
56 55 53
56 55 22
56 14 9
56 14 56
56 14 11
56 14 244
56 14 55
56 42 55
56 43 56
56 43 11
56 43 244
56 43 55
56 43 19
56 181 56
56 304 56
56 304 11
56 304 244
56 304 55
56 304 19
56 304 22
56 245 11
56 135 56
56 135 11
56 135 244
56 135 55
56 15 56
56 15 11
56 15 55
56 15 19
56 314 55
56 184 93
56 16 55
56 69 55
56 205 56
56 205 11
56 205 55
56 17 56
56 17 11
56 17 55
56 57 11
56 57 55
56 221 55
56 213 11
56 44 55
56 315 55
56 309 11
56 316 55
56 311 244
56 311 255
56 311 19
56 45 55
56 46 56
56 46 11
56 46 55
56 46 24
56 4 11
56 4 55
56 47 11
56 47 55
56 24 103
56 24 56
56 24 11
56 24 301
56 24 244
56 24 55
56 24 46
56 24 20
56 24 21
56 24 22
56 142 11
56 310 11
56 49 11
56 317 55
56 256 11
56 256 55
56 185 11
56 185 55
56 257 56
56 257 11
56 257 55
56 318 55
56 192 55
56 19 3
56 19 74
56 19 25
56 19 233
56 19 30
56 19 9
56 19 33
56 19 2
56 19 103
56 19 34
56 19 56
56 19 10
56 19 239
56 19 11
56 19 201
56 19 80
56 19 241
56 19 12
56 19 254
56 19 255
56 19 41
56 19 55
56 19 43
56 19 304
56 19 15
56 19 311
56 19 20
56 19 23
56 19 209
56 19 21
56 19 53
56 19 22
56 64 11
56 64 55
56 20 26
56 20 56
56 20 11
56 20 244
56 20 38
56 20 12
56 20 55
56 20 24
56 20 19
56 23 56
56 23 11
56 23 244
56 23 19
56 209 56
56 209 19
56 193 9
56 193 11
56 65 11
56 65 55
56 21 56
56 21 11
56 21 244
56 21 55
56 21 24
56 21 19
56 206 56
56 206 11
56 206 55
56 53 11
56 53 55
56 53 19
56 22 56
56 22 11
56 22 27
56 22 244
56 22 55
56 22 304
56 22 24
56 22 19
59 5 103
59 9 254
59 103 5
59 103 189
59 103 169
59 103 193
59 103 21
59 11 193
59 189 103
59 55 4
59 169 103
59 193 103
59 193 11
59 21 103
61 319 203
61 92 320
61 203 319
61 203 320
61 320 92
61 320 203
64 223 29
64 223 258
64 223 246
64 223 210
64 229 50
64 29 223
64 29 321
64 29 50
64 258 223
64 258 50
64 246 223
64 246 50
64 321 29
64 50 229
64 50 29
64 50 258
64 50 246
64 50 322
64 50 209
64 50 323
64 50 210
64 322 50
64 209 50
64 323 50
64 210 223
64 210 50
65 187 11
65 32 55
65 92 65
65 305 55
65 11 187
65 55 32
65 55 305
65 55 64
65 55 65
65 64 55
65 20 65
65 65 92
65 65 55
65 65 20
65 65 22
65 22 65
66 134 125
68 33 53
68 14 43
68 43 14
68 15 4
68 4 15
68 53 33
69 223 26
69 223 35
69 223 56
69 223 240
69 223 27
69 223 40
69 223 304
69 223 314
69 223 324
69 223 19
69 223 22
69 3 26
69 3 56
69 3 244
69 3 55
69 3 16
69 3 24
69 3 19
69 3 20
69 325 27
69 229 56
69 229 244
69 229 16
69 229 19
69 74 19
69 74 20
69 25 56
69 25 16
69 25 19
69 25 20
69 231 55
69 231 22
69 29 16
69 31 16
69 31 50
69 32 19
69 1 12
69 1 40
69 1 16
69 1 50
69 33 19
69 2 20
69 26 223
69 26 3
69 26 240
69 26 40
69 26 55
69 26 16
69 26 50
69 26 19
69 103 56
69 103 19
69 103 20
69 34 56
69 34 11
69 34 55
69 34 24
69 34 19
69 34 22
69 92 56
69 92 11
69 92 55
69 92 19
69 35 56
69 35 239
69 35 240
69 35 40
69 35 304
69 35 16
69 35 50
69 56 223
69 56 3
69 56 229
69 56 25
69 56 103
69 56 34
69 56 92
69 56 35
69 56 234
69 56 10
69 56 305
69 56 239
69 56 240
69 56 326
69 56 244
69 56 80
69 56 241
69 56 40
69 56 13
69 56 55
69 56 14
69 56 304
69 56 71
69 56 16
69 56 213
69 56 324
69 56 48
69 56 24
69 56 49
69 56 50
69 56 19
69 56 64
69 56 20
69 56 52
69 56 22
69 234 56
69 234 244
69 234 55
69 234 16
69 234 19
69 10 56
69 10 244
69 10 19
69 10 20
69 327 19
69 305 56
69 305 24
69 306 240
69 306 40
69 306 16
69 306 50
69 239 223
69 239 56
69 239 55
69 239 304
69 239 19
69 239 22
69 11 34
69 11 92
69 11 80
69 11 307
69 11 12
69 11 13
69 11 16
69 11 213
69 11 50
69 11 19
69 11 20
69 240 223
69 240 26
69 240 35
69 240 56
69 240 306
69 240 27
69 240 38
69 240 304
69 240 314
69 240 50
69 240 19
69 240 22
69 189 19
69 77 19
69 301 16
69 301 19
69 201 13
69 326 56
69 27 223
69 27 325
69 27 12
69 27 55
69 27 304
69 27 16
69 27 24
69 27 20
69 244 223
69 244 3
69 244 229
69 244 56
69 244 234
69 244 10
69 244 240
69 244 80
69 244 241
69 244 12
69 244 40
69 244 55
69 244 304
69 244 16
69 244 213
69 244 24
69 244 49
69 244 50
69 244 20
69 80 56
69 80 11
69 80 244
69 80 55
69 80 19
69 80 20
69 328 16
69 241 56
69 241 244
69 241 19
69 329 19
69 235 19
69 307 11
69 307 22
69 100 19
69 253 16
69 38 223
69 38 240
69 38 304
69 38 16
69 38 50
69 222 49
69 12 1
69 12 11
69 12 27
69 12 244
69 12 55
69 12 130
69 12 24
69 12 19
69 12 20
69 12 22
69 40 1
69 40 26
69 40 35
69 40 56
69 40 244
69 40 38
69 40 55
69 40 304
69 40 311
69 40 24
69 40 50
69 40 19
69 40 22
69 13 56
69 13 11
69 13 201
69 13 55
69 13 16
69 13 19
69 13 20
69 13 22
69 55 3
69 55 231
69 55 26
69 55 34
69 55 92
69 55 56
69 55 234
69 55 239
69 55 240
69 55 27
69 55 244
69 55 80
69 55 12
69 55 40
69 55 13
69 55 71
69 55 16
69 55 69
69 55 213
69 55 19
69 55 20
69 14 56
69 14 19
69 14 20
69 42 24
69 43 20
69 304 223
69 304 35
69 304 56
69 304 239
69 304 240
69 304 27
69 304 244
69 304 38
69 304 40
69 304 314
69 304 330
69 304 16
69 304 311
69 304 324
69 304 50
69 304 19
69 304 20
69 71 56
69 71 55
69 130 12
69 130 19
69 135 19
69 15 19
69 258 16
69 314 223
69 314 240
69 314 304
69 314 16
69 314 50
69 330 304
69 16 3
69 16 229
69 16 25
69 16 29
69 16 31
69 16 1
69 16 26
69 16 35
69 16 56
69 16 234
69 16 306
69 16 11
69 16 301
69 16 27
69 16 244
69 16 328
69 16 253
69 16 38
69 16 13
69 16 55
69 16 304
69 16 258
69 16 314
69 16 311
69 16 246
69 16 24
69 16 250
69 16 49
69 16 19
69 16 20
69 16 209
69 16 52
69 16 22
69 69 55
69 69 24
69 213 56
69 213 11
69 213 244
69 213 55
69 213 19
69 311 40
69 311 304
69 311 16
69 311 19
69 246 16
69 4 19
69 324 56
69 324 244
69 324 304
69 324 19
69 48 56
69 24 3
69 24 34
69 24 56
69 24 305
69 24 27
69 24 244
69 24 12
69 24 40
69 24 42
69 24 16
69 24 69
69 24 50
69 24 19
69 24 64
69 250 16
69 49 56
69 49 244
69 49 222
69 49 16
69 49 19
69 50 31
69 50 1
69 50 26
69 50 35
69 50 56
69 50 306
69 50 11
69 50 244
69 50 38
69 50 55
69 50 304
69 50 314
69 50 24
69 50 19
69 50 22
69 19 223
69 19 3
69 19 229
69 19 74
69 19 25
69 19 32
69 19 33
69 19 26
69 19 103
69 19 34
69 19 92
69 19 56
69 19 234
69 19 10
69 19 327
69 19 239
69 19 11
69 19 240
69 19 189
69 19 77
69 19 301
69 19 80
69 19 241
69 19 329
69 19 235
69 19 100
69 19 12
69 19 40
69 19 13
69 19 55
69 19 14
69 19 304
69 19 130
69 19 135
69 19 15
69 19 16
69 19 213
69 19 311
69 19 4
69 19 324
69 19 24
69 19 49
69 19 50
69 19 64
69 19 20
69 19 22
69 64 56
69 64 24
69 64 19
69 20 3
69 20 74
69 20 25
69 20 2
69 20 103
69 20 56
69 20 10
69 20 11
69 20 27
69 20 244
69 20 80
69 20 12
69 20 13
69 20 55
69 20 14
69 20 43
69 20 304
69 20 16
69 20 19
69 20 22
69 209 16
69 52 56
69 52 16
69 22 223
69 22 231
69 22 34
69 22 56
69 22 239
69 22 240
69 22 307
69 22 12
69 22 40
69 22 13
69 22 16
69 22 50
69 22 19
69 22 20
70 331 260
70 331 332
70 260 331
70 260 333
70 260 332
70 260 334
70 260 335
70 260 336
70 333 260
70 333 335
70 332 331
70 332 260
70 332 334
70 334 260
70 334 332
70 334 336
70 335 260
70 335 333
70 336 260
70 336 334
71 319 337
71 337 319
72 6 338
72 339 46
72 340 46
72 338 6
72 302 46
72 46 339
72 46 340
72 46 302
72 46 341
72 341 46
73 141 225
73 141 342
73 141 41
73 141 277
73 343 41
73 31 185
73 225 141
73 225 244
73 9 230
73 9 264
73 9 249
73 103 230
73 103 214
73 342 141
73 230 9
73 230 103
73 230 41
73 230 22
73 264 9
73 264 11
73 11 264
73 214 103
73 244 225
73 249 9
73 128 41
73 41 141
73 41 343
73 41 230
73 41 128
73 277 141
73 185 31
73 22 230
79 141 264
79 141 344
79 141 249
79 141 345
79 141 181
79 141 277
79 141 263
79 141 142
79 141 267
79 141 278
79 233 181
79 225 249
79 268 233
79 268 181
79 346 185
79 264 141
79 214 142
79 344 141
79 344 277
79 249 141
79 249 225
79 345 141
79 345 263
79 181 141
79 181 233
79 181 268
79 181 142
79 277 141
79 277 344
79 263 141
79 263 345
79 142 141
79 142 214
79 142 181
79 267 141
79 185 346
79 278 141
82 30 312
82 204 312
82 92 312
82 10 30
82 11 312
82 302 312
82 312 204
82 312 92
82 312 10
82 312 11
82 312 302
82 312 100
82 312 13
82 312 14
82 312 15
82 100 312
82 222 312
82 39 312
82 13 39
82 14 65
82 15 312
82 65 312
83 223 31
83 223 196
83 223 240
83 31 239
83 56 223
83 56 57
83 347 40
83 347 50
83 196 239
83 239 223
83 240 56
83 40 347
83 40 55
83 40 44
83 55 34
83 55 234
83 55 40
83 55 57
83 55 46
83 57 56
83 57 55
83 57 24
83 44 40
83 44 50
83 46 55
83 24 57
83 50 347
83 50 44
83 185 240
83 22 55
84 348 189
84 5 189
84 5 235
84 189 348
84 189 5
84 189 235
84 189 49
84 189 349
84 189 206
84 235 5
84 235 189
84 235 313
84 235 205
84 235 65
84 235 22
84 313 235
84 313 206
84 205 235
84 205 65
84 49 189
84 49 21
84 349 189
84 65 235
84 65 205
84 21 49
84 206 189
84 206 313
84 22 235
85 350 102
85 102 350
87 351 352
87 351 353
87 351 354
87 351 100
87 351 355
87 351 356
87 351 18
87 352 351
87 353 351
87 354 351
87 100 351
87 100 355
87 100 357
87 355 351
87 355 100
87 355 18
87 355 147
87 356 351
87 357 100
87 357 18
87 18 351
87 18 355
87 18 357
87 147 355
88 25 14
88 11 128
88 41 55
88 55 41
88 14 25
92 28 106
92 28 107
92 2 106
92 92 106
92 92 107
92 10 106
92 11 106
92 358 106
92 104 106
92 106 28
92 106 2
92 106 92
92 106 10
92 106 11
92 106 358
92 106 104
92 106 20
92 106 22
92 107 28
92 107 92
92 20 106
92 22 106
94 259 251
94 359 251
94 360 251
94 251 259
94 251 359
94 251 360
94 251 181
94 181 251
97 56 36
97 36 56
97 36 244
97 36 19
97 301 22
97 244 36
97 19 36
97 22 301
99 5 11
99 103 135
99 11 5
99 14 2
99 135 103
100 92 361
100 361 92
100 361 100
100 100 361
104 362 117
104 363 23
104 100 23
104 364 23
104 117 362
104 117 365
104 117 366
104 117 23
104 367 368
104 367 23
104 368 367
104 368 23
104 365 117
104 369 23
104 366 117
104 366 23
104 23 363
104 23 100
104 23 364
104 23 117
104 23 367
104 23 368
104 23 369
106 5 370
106 25 370
106 28 370
106 370 5
106 370 25
106 370 28
106 370 33
106 370 26
106 370 10
106 370 244
106 370 307
106 370 16
106 370 46
106 370 227
106 370 20
106 370 53
106 33 370
106 26 370
106 10 370
106 244 370
106 307 370
106 16 370
106 46 370
106 227 370
106 20 370
106 53 370
109 187 203
109 187 313
109 26 203
109 54 203
109 54 313
109 196 203
109 371 203
109 203 187
109 203 26
109 203 54
109 203 196
109 203 371
109 203 190
109 203 215
109 203 51
109 203 209
109 190 203
109 215 203
109 313 187
109 313 54
109 313 51
109 51 203
109 51 313
109 209 203
111 74 19
111 9 103
111 9 10
111 9 201
111 9 14
111 26 19
111 103 9
111 56 19
111 10 9
111 327 19
111 11 19
111 201 9
111 55 19
111 14 9
111 304 19
111 311 19
111 24 19
111 19 74
111 19 26
111 19 56
111 19 327
111 19 11
111 19 55
111 19 304
111 19 311
111 19 24
111 19 20
111 19 22
111 20 19
111 22 19
114 6 372
114 6 373
114 374 375
114 374 376
114 372 6
114 372 377
114 372 378
114 377 379
114 340 380
114 338 372
114 381 376
114 382 6
114 379 377
114 379 380
114 379 46
114 380 340
114 380 379
114 380 341
114 375 374
114 375 338
114 378 372
114 378 341
114 46 379
114 341 380
114 341 378
114 376 374
114 376 381
116 41 55
116 55 41
119 383 384
119 383 385
119 384 383
119 384 385
119 384 386
119 239 387
119 388 386
119 385 383
119 385 384
119 385 330
119 385 386
119 330 385
119 330 389
119 330 390
119 330 386
119 389 330
119 389 386
119 387 239
119 391 386
119 390 330
119 386 384
119 386 388
119 386 385
119 386 330
119 386 389
119 386 391
123 351 356
123 363 350
123 363 392
123 350 363
123 350 392
123 350 393
123 116 394
123 96 356
123 96 23
123 356 351
123 356 96
123 356 395
123 396 357
123 357 396
123 357 369
123 357 395
123 357 397
123 392 363
123 392 350
123 392 365
123 310 366
123 365 392
123 365 393
123 369 357
123 369 395
123 366 310
123 394 116
123 393 350
123 393 365
123 398 23
123 395 356
123 395 357
123 395 369
123 23 96
123 23 398
123 397 357
125 399 92
125 399 100
125 399 355
125 399 308
125 399 310
125 399 23
125 399 400
125 92 399
125 100 399
125 100 369
125 355 399
125 308 399
125 310 399
125 369 100
125 23 399
125 400 399
126 279 401
126 402 129
126 402 185
126 201 129
126 201 14
126 292 129
126 292 43
126 292 130
126 58 129
126 58 185
126 70 63
126 129 402
126 129 201
126 129 292
126 129 58
126 129 403
126 14 201
126 43 292
126 130 292
126 130 401
126 401 279
126 401 130
126 403 129
126 63 70
126 185 402
126 185 58
129 5 53
129 30 39
129 30 53
129 9 53
129 2 299
129 2 53
129 103 53
129 299 2
129 299 10
129 299 11
129 299 55
129 299 53
129 10 299
129 10 47
129 11 299
129 11 47
129 11 53
129 222 53
129 12 53
129 39 30
129 55 299
129 55 47
129 55 53
129 57 53
129 404 405
129 45 53
129 105 53
129 47 10
129 47 11
129 47 55
129 47 53
129 19 53
129 20 53
129 405 404
129 405 53
129 53 5
129 53 30
129 53 9
129 53 2
129 53 103
129 53 299
129 53 11
129 53 222
129 53 12
129 53 55
129 53 57
129 53 45
129 53 105
129 53 47
129 53 19
129 53 20
129 53 405
129 53 22
129 22 53
133 406 192
133 187 192
133 407 192
133 408 192
133 56 192
133 10 312
133 10 192
133 409 192
133 312 10
133 312 192
133 312 64
133 313 192
133 55 192
133 24 192
133 192 406
133 192 187
133 192 407
133 192 408
133 192 56
133 192 10
133 192 409
133 192 312
133 192 313
133 192 55
133 192 24
133 192 64
133 64 312
133 64 192
134 141 275
134 223 275
134 223 217
134 3 275
134 3 217
134 229 275
134 5 275
134 5 217
134 74 275
134 25 275
134 259 222
134 259 12
134 233 275
134 233 293
134 233 217
134 233 410
134 359 275
134 60 275
134 238 275
134 225 275
134 225 217
134 9 275
134 9 217
134 33 275
134 2 275
134 2 217
134 103 275
134 268 275
134 275 141
134 275 223
134 275 3
134 275 229
134 275 5
134 275 74
134 275 25
134 275 233
134 275 359
134 275 60
134 275 238
134 275 225
134 275 9
134 275 33
134 275 2
134 275 103
134 275 268
134 275 56
134 275 230
134 275 234
134 275 10
134 275 11
134 275 240
134 275 214
134 275 201
134 275 244
134 275 251
134 275 411
134 275 222
134 275 12
134 275 254
134 275 39
134 275 40
134 275 128
134 275 13
134 275 41
134 275 55
134 275 14
134 275 43
134 275 15
134 275 17
134 275 226
134 275 24
134 275 227
134 275 50
134 275 64
134 275 20
134 275 65
134 275 21
134 275 22
134 56 275
134 230 275
134 230 217
134 230 410
134 234 275
134 10 275
134 11 275
134 240 275
134 214 275
134 214 217
134 201 275
134 201 217
134 244 275
134 251 275
134 411 275
134 222 259
134 222 275
134 222 293
134 12 259
134 12 275
134 12 217
134 12 410
134 254 275
134 39 275
134 40 275
134 40 217
134 128 275
134 13 275
134 41 275
134 41 217
134 41 410
134 55 275
134 55 217
134 14 275
134 43 275
134 293 233
134 293 222
134 217 223
134 217 3
134 217 5
134 217 233
134 217 225
134 217 9
134 217 2
134 217 230
134 217 214
134 217 201
134 217 12
134 217 40
134 217 41
134 217 55
134 217 50
134 15 275
134 17 275
134 226 275
134 410 233
134 410 230
134 410 12
134 410 41
134 24 275
134 227 275
134 50 275
134 50 217
134 64 275
134 20 275
134 65 275
134 21 275
134 22 275
135 5 9
135 5 236
135 6 236
135 6 4
135 9 5
135 9 236
135 2 236
135 34 236
135 34 55
135 92 236
135 56 236
135 10 236
135 11 236
135 244 236
135 222 236
135 12 236
135 254 236
135 41 236
135 236 5
135 236 6
135 236 9
135 236 2
135 236 34
135 236 92
135 236 56
135 236 10
135 236 11
135 236 244
135 236 222
135 236 12
135 236 254
135 236 41
135 236 55
135 236 130
135 236 19
135 236 20
135 236 22
135 55 34
135 55 236
135 130 236
135 4 6
135 19 236
135 20 236
135 22 236
136 86 92
136 351 355
136 92 412
136 92 413
136 414 113
136 415 412
136 116 412
136 115 412
136 115 118
136 412 92
136 412 415
136 412 116
136 412 115
136 412 100
136 412 413
136 412 95
136 412 416
136 412 113
136 87 95
136 88 413
136 88 90
136 100 412
136 100 413
136 355 351
136 101 310
136 413 86
136 413 92
136 413 412
136 413 88
136 413 100
136 413 95
136 413 310
136 413 366
136 95 412
136 95 87
136 95 413
136 95 310
136 90 88
136 392 416
136 310 101
136 310 413
136 310 95
136 416 412
136 416 392
136 366 413
136 113 414
136 113 412
136 118 115
140 5 21
140 74 21
140 25 21
140 9 21
140 33 21
140 417 21
140 2 235
140 2 21
140 103 21
140 300 21
140 56 235
140 56 190
140 56 205
140 56 21
140 56 206
140 11 189
140 11 235
140 11 190
140 11 205
140 11 21
140 11 206
140 189 11
140 189 55
140 189 21
140 201 21
140 244 21
140 80 21
140 302 21
140 235 2
140 235 56
140 235 11
140 235 55
140 235 20
140 235 21
140 190 56
140 190 11
140 190 55
140 190 21
140 100 21
140 12 21
140 39 21
140 313 21
140 13 21
140 308 21
140 55 189
140 55 235
140 55 190
140 55 205
140 55 21
140 55 206
140 14 21
140 43 21
140 418 21
140 15 21
140 205 56
140 205 11
140 205 55
140 205 21
140 17 21
140 213 21
140 309 21
140 4 21
140 24 21
140 18 21
140 419 21
140 256 21
140 19 21
140 20 235
140 20 21
140 193 21
140 21 5
140 21 74
140 21 25
140 21 9
140 21 33
140 21 417
140 21 2
140 21 103
140 21 300
140 21 56
140 21 11
140 21 189
140 21 201
140 21 244
140 21 80
140 21 302
140 21 235
140 21 190
140 21 100
140 21 12
140 21 39
140 21 313
140 21 13
140 21 308
140 21 55
140 21 14
140 21 43
140 21 418
140 21 15
140 21 205
140 21 17
140 21 213
140 21 309
140 21 4
140 21 24
140 21 18
140 21 419
140 21 256
140 21 19
140 21 20
140 21 193
140 21 206
140 21 22
140 206 56
140 206 11
140 206 55
140 206 21
140 22 21
145 5 308
145 74 308
145 25 308
145 2 308
145 92 308
145 10 308
145 11 308
145 27 308
145 80 308
145 302 308
145 329 308
145 100 308
145 222 308
145 308 5
145 308 74
145 308 25
145 308 2
145 308 92
145 308 10
145 308 11
145 308 27
145 308 80
145 308 302
145 308 329
145 308 100
145 308 222
145 308 14
145 308 17
145 308 213
145 308 310
145 308 227
145 308 20
145 308 21
145 14 308
145 17 308
145 213 308
145 310 308
145 227 308
145 20 308
145 21 308
148 223 224
148 223 264
148 223 214
148 223 249
148 223 41
148 223 181
148 3 230
148 3 264
148 3 249
148 3 41
148 3 181
148 229 359
148 229 230
148 229 264
148 229 249
148 229 41
148 229 181
148 5 249
148 25 249
148 25 41
148 224 223
148 224 201
148 224 249
148 224 50
148 359 229
148 359 50
148 33 230
148 33 41
148 2 249
148 2 41
148 269 230
148 269 264
148 269 249
148 269 41
148 269 181
148 56 249
148 230 3
148 230 229
148 230 33
148 230 269
148 230 234
148 230 17
148 230 49
148 264 223
148 264 3
148 264 229
148 264 269
148 264 201
148 264 50
148 234 230
148 234 249
148 10 249
148 10 41
148 239 249
148 239 41
148 214 223
148 214 50
148 67 249
148 67 41
148 201 224
148 201 264
148 201 249
148 201 41
148 235 181
148 249 223
148 249 3
148 249 229
148 249 5
148 249 25
148 249 224
148 249 2
148 249 269
148 249 56
148 249 234
148 249 10
148 249 239
148 249 67
148 249 201
148 249 243
148 249 17
148 249 49
148 249 50
148 40 41
148 41 223
148 41 3
148 41 229
148 41 25
148 41 33
148 41 2
148 41 269
148 41 10
148 41 239
148 41 67
148 41 201
148 41 40
148 41 243
148 41 17
148 41 49
148 41 50
148 243 249
148 243 41
148 181 223
148 181 3
148 181 229
148 181 269
148 181 235
148 181 217
148 181 17
148 181 50
148 217 181
148 17 230
148 17 249
148 17 41
148 17 181
148 49 230
148 49 249
148 49 41
148 50 224
148 50 359
148 50 264
148 50 214
148 50 249
148 50 41
148 50 181
149 420 43
149 43 420
155 421 422
155 423 130
155 128 422
155 130 423
155 422 421
155 422 128
158 5 104
158 28 104
158 9 104
158 103 104
158 11 104
158 11 57
158 201 22
158 104 5
158 104 28
158 104 9
158 104 103
158 104 11
158 104 55
158 104 57
158 104 45
158 104 105
158 104 18
158 104 106
158 104 317
158 104 20
158 104 22
158 55 104
158 55 57
158 57 11
158 57 104
158 57 55
158 45 104
158 105 104
158 18 104
158 106 104
158 317 104
158 20 104
158 22 201
158 22 104
159 135 182
159 182 135
161 34 424
161 10 201
161 10 425
161 10 426
161 305 201
161 201 10
161 201 305
161 201 427
161 201 17
161 201 64
161 201 209
161 424 34
161 424 69
161 427 201
161 69 424
161 69 428
161 428 69
161 428 426
161 17 201
161 57 22
161 425 10
161 426 10
161 426 428
161 64 201
161 209 201
161 22 57
163 429 169
163 74 430
163 74 431
163 74 432
163 74 433
163 74 222
163 74 41
163 74 434
163 187 213
163 187 193
163 272 432
163 103 252
163 275 435
163 230 435
163 430 74
163 430 434
163 77 41
163 80 436
163 431 74
163 431 437
163 432 74
163 432 272
163 438 256
163 252 103
163 252 222
163 252 227
163 433 74
163 222 74
163 222 252
163 82 439
163 41 74
163 41 77
163 159 169
163 434 74
163 434 430
163 435 275
163 435 230
163 439 82
163 436 80
163 440 257
163 213 187
163 213 50
163 227 252
163 49 193
163 50 213
163 50 193
163 256 430
163 256 438
163 256 441
163 169 429
163 169 159
163 257 440
163 437 431
163 441 256
163 193 187
163 193 49
163 193 50
166 442 18
166 109 18
166 109 118
166 114 115
166 414 18
166 116 115
166 115 114
166 115 116
166 115 412
166 115 95
166 115 443
166 115 120
166 115 118
166 412 115
166 95 115
166 443 115
166 443 118
166 18 442
166 18 109
166 18 414
166 18 113
166 113 18
166 120 115
166 120 118
166 118 109
166 118 115
166 118 443
166 118 120
166 118 110
166 110 118
167 5 15
167 6 15
167 444 15
167 25 15
167 28 15
167 9 15
167 33 15
167 2 15
167 188 15
167 188 20
167 10 409
167 10 15
167 11 15
167 409 10
167 409 15
167 409 20
167 312 15
167 12 15
167 254 15
167 128 15
167 13 15
167 55 15
167 55 316
167 445 15
167 15 5
167 15 6
167 15 444
167 15 25
167 15 28
167 15 9
167 15 33
167 15 2
167 15 188
167 15 10
167 15 11
167 15 409
167 15 312
167 15 12
167 15 254
167 15 128
167 15 13
167 15 55
167 15 445
167 15 316
167 15 446
167 15 46
167 15 4
167 15 447
167 15 18
167 15 191
167 15 192
167 15 20
167 15 21
167 316 55
167 316 15
167 316 20
167 446 15
167 46 15
167 4 15
167 447 15
167 18 15
167 191 15
167 192 15
167 20 188
167 20 409
167 20 15
167 20 316
167 21 15
172 348 48
172 223 25
172 223 187
172 223 233
172 223 225
172 223 194
172 223 275
172 223 230
172 223 264
172 223 202
172 223 249
172 223 216
172 223 198
172 223 13
172 223 293
172 223 448
172 223 217
172 223 449
172 223 246
172 223 410
172 223 48
172 223 250
172 3 25
172 3 233
172 3 125
172 3 31
172 3 225
172 3 204
172 3 194
172 3 275
172 3 230
172 3 195
172 3 264
172 3 196
172 3 197
172 3 202
172 3 249
172 3 216
172 3 41
172 3 448
172 3 199
172 3 449
172 3 16
172 3 450
172 3 246
172 3 48
172 3 209
172 228 187
172 228 207
172 228 194
172 228 211
172 228 195
172 228 371
172 228 202
172 228 13
172 228 221
172 228 48
172 228 51
172 229 25
172 229 187
172 229 233
172 229 125
172 229 31
172 229 225
172 229 194
172 229 275
172 229 230
172 229 195
172 229 264
172 229 327
172 229 196
172 229 197
172 229 202
172 229 235
172 229 249
172 229 216
172 229 41
172 229 451
172 229 448
172 229 199
172 229 449
172 229 450
172 229 246
172 229 48
172 298 194
172 298 448
172 298 48
172 25 223
172 25 3
172 25 229
172 25 187
172 25 233
172 25 29
172 25 33
172 25 204
172 25 207
172 25 194
172 25 275
172 25 230
172 25 196
172 25 240
172 25 328
172 25 40
172 25 216
172 25 452
172 25 199
172 25 245
172 25 258
172 25 449
172 25 16
172 25 205
172 25 450
172 25 246
172 25 453
172 25 48
172 25 250
172 25 321
172 25 50
172 25 51
172 25 323
172 25 193
172 25 21
172 25 52
172 231 187
172 231 30
172 231 207
172 231 194
172 231 195
172 231 221
172 231 48
172 231 257
172 231 51
172 232 129
172 187 223
172 187 228
172 187 229
172 187 25
172 187 231
172 187 233
172 187 125
172 187 31
172 187 32
172 187 319
172 187 33
172 187 204
172 187 66
172 187 207
172 187 194
172 187 275
172 187 195
172 187 264
172 187 240
172 187 454
172 187 202
172 187 235
172 187 215
172 187 40
172 187 455
172 187 13
172 187 41
172 187 451
172 187 448
172 187 199
172 187 245
172 187 69
172 187 440
172 187 213
172 187 450
172 187 453
172 187 46
172 187 48
172 187 73
172 187 250
172 187 227
172 187 50
172 187 256
172 187 426
172 187 209
172 187 193
172 187 21
172 187 206
172 187 210
172 233 223
172 233 3
172 233 229
172 233 25
172 233 187
172 233 319
172 233 417
172 233 275
172 233 234
172 233 240
172 233 235
172 233 190
172 233 456
172 233 40
172 233 236
172 233 16
172 233 309
172 233 50
172 29 25
172 29 40
172 29 13
172 29 448
172 237 194
172 237 48
172 125 3
172 125 229
172 125 187
172 125 33
172 125 230
172 125 371
172 125 235
172 125 48
172 125 50
172 30 231
172 30 32
172 30 204
172 30 194
172 30 371
172 30 202
172 30 235
172 30 13
172 30 236
172 30 448
172 30 69
172 30 48
172 30 73
172 30 250
172 30 50
172 30 426
172 30 209
172 30 206
172 60 207
172 60 194
172 60 275
172 60 245
172 60 250
172 31 3
172 31 229
172 31 187
172 31 230
172 31 234
172 31 240
172 31 371
172 31 40
172 31 41
172 31 199
172 31 245
172 31 213
172 31 48
172 31 50
172 31 457
172 31 51
172 31 193
172 32 187
172 32 30
172 32 204
172 32 66
172 32 207
172 32 194
172 32 327
172 32 68
172 32 202
172 32 236
172 32 448
172 32 221
172 32 48
172 32 257
172 32 318
172 32 51
172 200 48
172 225 223
172 225 3
172 225 229
172 225 33
172 225 458
172 225 275
172 225 234
172 225 189
172 225 190
172 225 459
172 225 40
172 225 236
172 225 293
172 225 205
172 225 460
172 225 50
172 225 206
172 319 187
172 319 233
172 319 207
172 319 194
172 319 275
172 319 216
172 319 198
172 319 48
172 33 25
172 33 187
172 33 125
172 33 225
172 33 204
172 33 207
172 33 194
172 33 275
172 33 195
172 33 197
172 33 13
172 33 41
172 33 199
172 33 48
172 33 457
172 33 51
172 33 21
172 204 3
172 204 25
172 204 187
172 204 30
172 204 32
172 204 33
172 204 458
172 204 66
172 204 461
172 204 207
172 204 275
172 204 230
172 204 234
172 204 371
172 204 197
172 204 235
172 204 13
172 204 129
172 204 199
172 204 245
172 204 449
172 204 221
172 204 440
172 204 450
172 204 453
172 204 250
172 204 50
172 204 257
172 204 51
172 204 209
172 204 193
172 204 206
172 204 210
172 417 233
172 417 275
172 417 448
172 417 449
172 417 48
172 458 225
172 458 204
172 458 198
172 66 187
172 66 32
172 66 204
172 66 207
172 66 194
172 66 211
172 66 327
172 66 68
172 66 371
172 66 129
172 66 448
172 66 221
172 66 426
172 66 51
172 461 204
172 461 194
172 461 275
172 461 216
172 461 48
172 26 371
172 26 16
172 207 228
172 207 25
172 207 231
172 207 187
172 207 60
172 207 32
172 207 319
172 207 33
172 207 204
172 207 66
172 207 194
172 207 275
172 207 195
172 207 327
172 207 197
172 207 202
172 207 235
172 207 13
172 207 41
172 207 129
172 207 448
172 207 199
172 207 205
172 207 450
172 207 453
172 207 46
172 207 48
172 207 250
172 207 426
172 207 209
172 207 193
172 194 223
172 194 3
172 194 228
172 194 229
172 194 298
172 194 25
172 194 231
172 194 187
172 194 237
172 194 30
172 194 60
172 194 32
172 194 319
172 194 33
172 194 66
172 194 461
172 194 207
172 194 275
172 194 230
172 194 234
172 194 462
172 194 240
172 194 235
172 194 40
172 194 13
172 194 41
172 194 70
172 194 129
172 194 199
172 194 245
172 194 463
172 194 464
172 194 16
172 194 221
172 194 440
172 194 460
172 194 213
172 194 450
172 194 453
172 194 46
172 194 73
172 194 250
172 194 50
172 194 426
172 194 257
172 194 318
172 194 51
172 194 209
172 194 193
172 194 21
172 194 206
172 194 210
172 211 228
172 211 66
172 465 245
172 466 264
172 466 48
172 275 223
172 275 3
172 275 229
172 275 25
172 275 187
172 275 233
172 275 60
172 275 225
172 275 319
172 275 33
172 275 204
172 275 417
172 275 461
172 275 207
172 275 194
172 275 230
172 275 195
172 275 264
172 275 234
172 275 196
172 275 240
172 275 189
172 275 67
172 275 202
172 275 235
172 275 190
172 275 459
172 275 249
172 275 219
172 275 222
172 275 40
172 275 216
172 275 198
172 275 220
172 275 13
172 275 41
172 275 236
172 275 451
172 275 181
172 275 61
172 275 199
172 275 449
172 275 205
172 275 221
172 275 213
172 275 450
172 275 309
172 275 48
172 275 227
172 275 49
172 275 419
172 275 50
172 275 257
172 275 193
172 275 21
172 275 206
172 467 245
172 230 223
172 230 3
172 230 229
172 230 25
172 230 125
172 230 31
172 230 204
172 230 194
172 230 275
172 230 234
172 230 189
172 230 235
172 230 219
172 230 40
172 230 236
172 230 448
172 230 199
172 230 205
172 230 50
172 230 162
172 279 48
172 195 3
172 195 228
172 195 229
172 195 231
172 195 187
172 195 33
172 195 207
172 195 275
172 195 234
172 195 189
172 195 371
172 195 235
172 195 40
172 195 236
172 195 129
172 195 199
172 195 245
172 195 221
172 195 460
172 195 48
172 195 250
172 195 426
172 264 223
172 264 3
172 264 229
172 264 187
172 264 466
172 264 275
172 264 234
172 264 240
172 264 235
172 264 219
172 264 292
172 264 40
172 264 293
172 264 460
172 264 213
172 264 309
172 264 227
172 264 50
172 264 51
172 264 206
172 234 233
172 234 31
172 234 225
172 234 204
172 234 194
172 234 275
172 234 230
172 234 195
172 234 264
172 234 202
172 234 216
172 234 41
172 234 448
172 234 245
172 234 449
172 234 48
172 327 229
172 327 32
172 327 66
172 327 207
172 327 371
172 327 245
172 327 48
172 327 50
172 327 193
172 196 3
172 196 229
172 196 25
172 196 275
172 196 245
172 196 16
172 196 48
172 196 209
172 462 194
172 462 198
172 240 25
172 240 187
172 240 233
172 240 31
172 240 194
172 240 275
172 240 264
172 240 249
172 240 216
172 240 13
172 240 448
172 240 449
172 240 221
172 240 48
172 189 225
172 189 275
172 189 230
172 189 195
172 189 249
172 189 41
172 189 217
172 189 450
172 189 48
172 67 275
172 67 48
172 68 32
172 68 66
172 68 48
172 68 426
172 371 228
172 371 125
172 371 30
172 371 31
172 371 204
172 371 66
172 371 26
172 371 195
172 371 327
172 371 202
172 371 235
172 371 198
172 371 41
172 371 451
172 371 448
172 371 221
172 371 440
172 371 426
172 371 257
172 371 51
172 454 187
172 197 3
172 197 229
172 197 33
172 197 204
172 197 207
172 197 48
172 155 48
172 202 223
172 202 3
172 202 228
172 202 229
172 202 187
172 202 30
172 202 32
172 202 207
172 202 275
172 202 234
172 202 371
172 202 411
172 202 459
172 202 40
172 202 70
172 202 199
172 202 245
172 202 221
172 202 440
172 202 460
172 202 213
172 202 246
172 202 48
172 202 73
172 202 50
172 202 457
172 202 426
172 202 51
172 202 209
172 202 21
172 328 25
172 328 13
172 328 209
172 411 202
172 411 198
172 411 48
172 37 48
172 235 229
172 235 187
172 235 233
172 235 125
172 235 30
172 235 204
172 235 207
172 235 194
172 235 275
172 235 230
172 235 195
172 235 264
172 235 371
172 235 249
172 235 216
172 235 13
172 235 199
172 235 217
172 235 450
172 235 48
172 190 233
172 190 225
172 190 275
172 190 41
172 190 48
172 459 225
172 459 275
172 459 202
172 459 48
172 249 223
172 249 3
172 249 229
172 249 275
172 249 240
172 249 189
172 249 235
172 249 236
172 249 448
172 249 213
172 249 50
172 249 193
172 215 187
172 215 199
172 215 16
172 219 275
172 219 230
172 219 264
172 219 216
172 219 450
172 219 48
172 468 48
172 456 233
172 456 216
172 456 449
172 456 48
172 38 48
172 222 275
172 222 217
172 222 410
172 292 264
172 292 216
172 292 48
172 62 129
172 62 245
172 303 48
172 40 25
172 40 187
172 40 233
172 40 29
172 40 31
172 40 225
172 40 194
172 40 275
172 40 230
172 40 195
172 40 264
172 40 202
172 40 198
172 40 13
172 40 448
172 40 258
172 40 449
172 40 246
172 40 48
172 40 250
172 40 209
172 216 223
172 216 3
172 216 229
172 216 25
172 216 319
172 216 461
172 216 275
172 216 234
172 216 240
172 216 235
172 216 219
172 216 456
172 216 292
172 216 293
172 216 217
172 216 205
172 216 450
172 216 419
172 216 50
172 216 162
172 216 193
172 216 21
172 216 206
172 455 187
172 469 48
172 198 223
172 198 319
172 198 458
172 198 275
172 198 462
172 198 371
172 198 411
172 198 40
172 198 236
172 198 293
172 198 309
172 198 50
172 198 256
172 198 193
172 220 275
172 220 48
172 13 223
172 13 228
172 13 187
172 13 29
172 13 30
172 13 33
172 13 204
172 13 207
172 13 194
172 13 275
172 13 240
172 13 328
172 13 235
172 13 40
172 13 41
172 13 236
172 13 129
172 13 245
172 13 258
172 13 16
172 13 221
172 13 246
172 13 453
172 13 48
172 13 321
172 13 50
172 13 257
172 452 25
172 41 3
172 41 229
172 41 187
172 41 31
172 41 33
172 41 207
172 41 194
172 41 275
172 41 234
172 41 189
172 41 371
172 41 190
172 41 13
172 41 213
172 41 450
172 41 309
172 41 50
172 243 48
172 236 233
172 236 30
172 236 32
172 236 225
172 236 275
172 236 230
172 236 195
172 236 249
172 236 198
172 236 13
172 236 129
172 236 199
172 236 221
172 236 48
172 236 426
172 236 257
172 236 51
172 84 48
172 84 206
172 70 194
172 70 202
172 129 232
172 129 204
172 129 66
172 129 207
172 129 194
172 129 195
172 129 62
172 129 13
172 129 236
172 129 61
172 129 245
172 129 69
172 129 48
172 129 250
172 129 470
172 451 229
172 451 187
172 451 275
172 451 371
172 451 221
172 451 48
172 451 50
172 451 51
172 181 275
172 293 223
172 293 225
172 293 264
172 293 216
172 293 198
172 293 48
172 448 223
172 448 3
172 448 229
172 448 298
172 448 187
172 448 29
172 448 30
172 448 32
172 448 417
172 448 66
172 448 207
172 448 230
172 448 234
172 448 240
172 448 371
172 448 249
172 448 40
172 448 199
172 448 245
172 448 16
172 448 69
172 448 221
172 448 48
172 448 250
172 448 50
172 448 51
172 448 471
172 61 275
172 61 129
172 199 3
172 199 229
172 199 25
172 199 187
172 199 31
172 199 33
172 199 204
172 199 207
172 199 194
172 199 275
172 199 230
172 199 195
172 199 202
172 199 235
172 199 215
172 199 236
172 199 448
172 199 221
172 199 213
172 199 48
172 199 227
172 199 21
172 245 25
172 245 187
172 245 60
172 245 31
172 245 204
172 245 194
172 245 465
172 245 467
172 245 195
172 245 234
172 245 327
172 245 196
172 245 202
172 245 62
172 245 13
172 245 129
172 245 448
172 245 48
172 245 470
172 245 209
172 245 472
172 217 223
172 217 189
172 217 235
172 217 222
172 217 216
172 217 48
172 217 50
172 217 193
172 217 206
172 258 25
172 258 40
172 258 13
172 258 50
172 473 48
172 463 194
172 463 48
172 463 426
172 464 194
172 449 223
172 449 3
172 449 229
172 449 25
172 449 204
172 449 417
172 449 275
172 449 234
172 449 240
172 449 456
172 449 40
172 449 213
172 449 50
172 449 257
172 449 206
172 474 48
172 475 48
172 475 426
172 16 3
172 16 25
172 16 233
172 16 26
172 16 194
172 16 196
172 16 215
172 16 13
172 16 448
172 16 246
172 16 453
172 16 48
172 16 250
172 16 209
172 69 187
172 69 30
172 69 129
172 69 448
172 69 221
172 69 48
172 69 51
172 205 25
172 205 225
172 205 207
172 205 275
172 205 230
172 205 216
172 205 450
172 205 48
172 221 228
172 221 231
172 221 32
172 221 204
172 221 66
172 221 194
172 221 275
172 221 195
172 221 240
172 221 371
172 221 202
172 221 13
172 221 236
172 221 451
172 221 448
172 221 199
172 221 69
172 221 48
172 221 73
172 221 250
172 221 50
172 221 426
172 221 209
172 440 187
172 440 204
172 440 194
172 440 371
172 440 202
172 440 48
172 422 48
172 460 225
172 460 194
172 460 195
172 460 264
172 460 202
172 460 246
172 460 48
172 213 187
172 213 31
172 213 194
172 213 275
172 213 264
172 213 202
172 213 249
172 213 41
172 213 199
172 213 449
172 213 450
172 213 48
172 450 3
172 450 229
172 450 25
172 450 187
172 450 204
172 450 207
172 450 194
172 450 275
172 450 189
172 450 235
172 450 219
172 450 216
172 450 41
172 450 205
172 450 213
172 450 48
172 450 227
172 450 256
172 450 193
172 450 206
172 309 233
172 309 275
172 309 264
172 309 198
172 309 41
172 309 48
172 246 223
172 246 3
172 246 229
172 246 25
172 246 202
172 246 40
172 246 13
172 246 16
172 246 460
172 246 48
172 246 250
172 246 50
172 246 209
172 453 25
172 453 187
172 453 204
172 453 207
172 453 194
172 453 13
172 453 16
172 453 48
172 453 250
172 453 50
172 453 209
172 46 187
172 46 207
172 46 194
172 46 48
172 410 223
172 410 222
172 410 48
172 410 206
172 48 348
172 48 223
172 48 3
172 48 228
172 48 229
172 48 298
172 48 25
172 48 231
172 48 187
172 48 237
172 48 125
172 48 30
172 48 31
172 48 32
172 48 200
172 48 319
172 48 33
172 48 417
172 48 461
172 48 207
172 48 466
172 48 275
172 48 279
172 48 195
172 48 234
172 48 327
172 48 196
172 48 240
172 48 189
172 48 67
172 48 68
172 48 197
172 48 155
172 48 202
172 48 411
172 48 37
172 48 235
172 48 190
172 48 459
172 48 219
172 48 468
172 48 456
172 48 38
172 48 292
172 48 303
172 48 40
172 48 469
172 48 220
172 48 13
172 48 243
172 48 236
172 48 84
172 48 129
172 48 451
172 48 293
172 48 448
172 48 199
172 48 245
172 48 217
172 48 473
172 48 463
172 48 474
172 48 475
172 48 16
172 48 69
172 48 205
172 48 221
172 48 440
172 48 422
172 48 460
172 48 213
172 48 450
172 48 309
172 48 246
172 48 453
172 48 46
172 48 410
172 48 73
172 48 250
172 48 227
172 48 49
172 48 419
172 48 50
172 48 457
172 48 162
172 48 257
172 48 318
172 48 51
172 48 470
172 48 209
172 48 193
172 48 476
172 48 206
172 48 210
172 73 187
172 73 30
172 73 194
172 73 202
172 73 221
172 73 48
172 250 223
172 250 25
172 250 187
172 250 30
172 250 60
172 250 204
172 250 207
172 250 194
172 250 195
172 250 40
172 250 129
172 250 448
172 250 16
172 250 221
172 250 246
172 250 453
172 250 48
172 250 50
172 250 209
172 250 210
172 227 187
172 227 275
172 227 264
172 227 199
172 227 450
172 227 48
172 49 275
172 49 48
172 419 275
172 419 216
172 419 48
172 321 25
172 321 13
172 50 25
172 50 187
172 50 233
172 50 125
172 50 30
172 50 31
172 50 225
172 50 204
172 50 194
172 50 275
172 50 230
172 50 264
172 50 327
172 50 202
172 50 249
172 50 216
172 50 198
172 50 13
172 50 41
172 50 451
172 50 448
172 50 217
172 50 258
172 50 449
172 50 221
172 50 246
172 50 453
172 50 48
172 50 250
172 50 209
172 256 187
172 256 198
172 256 450
172 457 31
172 457 33
172 457 202
172 457 48
172 426 187
172 426 30
172 426 66
172 426 207
172 426 194
172 426 195
172 426 68
172 426 371
172 426 202
172 426 236
172 426 463
172 426 475
172 426 221
172 426 257
172 426 318
172 426 51
172 162 230
172 162 216
172 162 48
172 257 231
172 257 32
172 257 204
172 257 194
172 257 275
172 257 371
172 257 13
172 257 236
172 257 449
172 257 48
172 257 426
172 318 32
172 318 194
172 318 48
172 318 426
172 51 228
172 51 25
172 51 231
172 51 31
172 51 32
172 51 33
172 51 204
172 51 66
172 51 194
172 51 264
172 51 371
172 51 202
172 51 236
172 51 451
172 51 448
172 51 69
172 51 48
172 51 426
172 51 209
172 470 129
172 470 245
172 470 48
172 209 3
172 209 187
172 209 30
172 209 204
172 209 207
172 209 194
172 209 196
172 209 202
172 209 328
172 209 40
172 209 245
172 209 16
172 209 221
172 209 246
172 209 453
172 209 48
172 209 250
172 209 50
172 209 51
172 323 25
172 323 194
172 323 48
172 193 25
172 193 187
172 193 31
172 193 204
172 193 207
172 193 194
172 193 275
172 193 327
172 193 249
172 193 216
172 193 198
172 193 217
172 193 450
172 193 48
172 476 48
172 471 448
172 21 25
172 21 187
172 21 33
172 21 194
172 21 275
172 21 202
172 21 216
172 21 199
172 206 187
172 206 30
172 206 225
172 206 204
172 206 194
172 206 275
172 206 264
172 206 216
172 206 84
172 206 217
172 206 449
172 206 450
172 206 410
172 206 48
172 472 245
172 52 25
172 210 187
172 210 204
172 210 194
172 210 48
172 210 250
