3 179 179
1 1 2
1 1 1
1 1 3
1 1 4
1 1 5
1 1 6
1 1 7
1 1 8
1 1 9
1 1 10
1 1 11
1 1 12
1 1 13
1 1 14
1 1 15
1 1 16
1 1 17
1 1 18
1 1 19
1 1 20
1 1 21
1 1 22
1 1 23
1 1 24
1 1 25
1 1 26
1 1 27
1 1 28
1 1 29
1 1 30
1 1 31
1 1 32
1 1 33
1 1 34
1 1 35
1 1 36
1 1 37
1 1 38
1 1 39
1 1 40
1 1 41
1 1 42
1 1 43
1 1 44
1 1 45
1 1 46
1 1 47
1 1 48
1 1 49
1 1 50
1 1 51
1 1 52
1 1 53
1 1 54
1 1 55
1 1 56
1 1 57
1 1 58
1 1 59
1 1 60
1 3 2
1 3 1
1 3 4
1 3 61
1 3 5
1 3 6
1 3 7
1 3 8
1 3 9
1 3 62
1 3 63
1 3 10
1 3 11
1 3 64
1 3 12
1 3 13
1 3 14
1 3 65
1 3 15
1 3 16
1 3 17
1 3 18
1 3 19
1 3 20
1 3 22
1 3 23
1 3 24
1 3 66
1 3 25
1 3 26
1 3 27
1 3 28
1 3 67
1 3 68
1 3 30
1 3 31
1 3 69
1 3 70
1 3 71
1 3 72
1 3 73
1 3 74
1 3 32
1 3 75
1 3 76
1 3 33
1 3 34
1 3 77
1 3 78
1 3 79
1 3 35
1 3 80
1 3 81
1 3 82
1 3 83
1 3 84
1 3 85
1 3 36
1 3 86
1 3 87
1 3 88
1 3 37
1 3 38
1 3 89
1 3 90
1 3 91
1 3 92
1 3 39
1 3 93
1 3 94
1 3 95
1 3 96
1 3 97
1 3 40
1 3 98
1 3 99
1 3 100
1 3 101
1 3 41
1 3 102
1 3 103
1 3 42
1 3 104
1 3 43
1 3 44
1 3 105
1 3 45
1 3 106
1 3 107
1 3 46
1 3 108
1 3 48
1 3 109
1 3 110
1 3 111
1 3 49
1 3 112
1 3 113
1 3 114
1 3 51
1 3 53
1 3 115
1 3 54
1 3 56
1 3 57
1 3 58
1 3 116
1 3 117
1 3 59
1 3 118
1 3 119
1 3 60
1 4 3
1 4 61
1 4 5
1 4 6
1 4 7
1 4 8
1 4 9
1 4 62
1 4 63
1 4 10
1 4 11
1 4 12
1 4 13
1 4 14
1 4 65
1 4 15
1 4 16
1 4 17
1 4 18
1 4 19
1 4 21
1 4 22
1 4 23
1 4 24
1 4 66
1 4 25
1 4 26
1 4 27
1 4 28
1 4 29
1 4 67
1 4 68
1 4 30
1 4 31
1 4 70
1 4 71
1 4 72
1 4 120
1 4 73
1 4 32
1 4 75
1 4 33
1 4 34
1 4 77
1 4 79
1 4 35
1 4 80
1 4 81
1 4 84
1 4 85
1 4 88
1 4 38
1 4 89
1 4 91
1 4 92
1 4 39
1 4 93
1 4 95
1 4 101
1 4 102
1 4 103
1 4 121
1 4 43
1 4 105
1 4 45
1 4 106
1 4 46
1 4 47
1 4 48
1 4 109
1 4 110
1 4 49
1 4 114
1 4 51
1 4 53
1 4 54
1 4 57
1 4 58
1 4 117
1 4 122
1 4 59
1 4 118
1 4 119
1 4 60
1 61 1
1 61 3
1 61 4
1 61 5
1 61 10
1 61 11
1 61 65
1 61 15
1 61 16
1 61 17
1 61 19
1 61 21
1 61 22
1 61 23
1 61 25
1 61 28
1 61 30
1 61 31
1 61 70
1 61 120
1 61 74
1 61 75
1 61 79
1 61 85
1 61 86
1 61 38
1 61 89
1 61 98
1 61 99
1 61 100
1 61 121
1 61 42
1 61 104
1 61 43
1 61 46
1 61 47
1 61 109
1 61 110
1 61 51
1 61 54
1 61 119
1 5 2
1 5 1
1 5 3
1 5 5
1 5 6
1 5 7
1 5 8
1 5 9
1 5 10
1 5 11
1 5 12
1 5 13
1 5 65
1 5 16
1 5 17
1 5 19
1 5 21
1 5 22
1 5 23
1 5 24
1 5 25
1 5 27
1 5 28
1 5 29
1 5 30
1 5 31
1 5 70
1 5 75
1 5 76
1 5 77
1 5 35
1 5 80
1 5 81
1 5 86
1 5 37
1 5 95
1 5 40
1 5 99
1 5 100
1 5 103
1 5 121
1 5 104
1 5 105
1 5 45
1 5 46
1 5 47
1 5 109
1 5 49
1 5 112
1 5 113
1 5 51
1 5 53
1 5 116
1 5 59
1 5 60
1 6 2
1 6 1
1 6 3
1 6 4
1 6 61
1 6 5
1 6 62
1 6 63
1 6 10
1 6 11
1 6 64
1 6 12
1 6 13
1 6 65
1 6 15
1 6 16
1 6 17
1 6 18
1 6 19
1 6 20
1 6 21
1 6 22
1 6 23
1 6 24
1 6 66
1 6 25
1 6 26
1 6 27
1 6 28
1 6 29
1 6 67
1 6 68
1 6 30
1 6 31
1 6 69
1 6 70
1 6 72
1 6 73
1 6 74
1 6 32
1 6 75
1 6 76
1 6 33
1 6 34
1 6 77
1 6 35
1 6 80
1 6 81
1 6 83
1 6 84
1 6 36
1 6 86
1 6 37
1 6 38
1 6 89
1 6 91
1 6 92
1 6 39
1 6 93
1 6 95
1 6 97
1 6 40
1 6 98
1 6 99
1 6 41
1 6 102
1 6 103
1 6 121
1 6 42
1 6 104
1 6 43
1 6 44
1 6 105
1 6 45
1 6 123
1 6 106
1 6 107
1 6 46
1 6 47
1 6 48
1 6 124
1 6 109
1 6 110
1 6 49
1 6 112
1 6 125
1 6 50
1 6 113
1 6 51
1 6 52
1 6 53
1 6 115
1 6 54
1 6 55
1 6 56
1 6 126
1 6 57
1 6 58
1 6 116
1 6 117
1 6 122
1 6 59
1 6 118
1 6 119
1 6 60
1 7 2
1 7 1
1 7 4
1 7 61
1 7 5
1 7 8
1 7 9
1 7 10
1 7 11
1 7 64
1 7 12
1 7 65
1 7 15
1 7 17
1 7 18
1 7 19
1 7 21
1 7 23
1 7 66
1 7 25
1 7 27
1 7 29
1 7 30
1 7 31
1 7 76
1 7 36
1 7 86
1 7 38
1 7 97
1 7 99
1 7 42
1 7 43
1 7 105
1 7 46
1 7 124
1 7 110
1 7 49
1 7 50
1 7 127
1 7 51
1 7 53
1 7 56
1 7 58
1 7 119
1 8 2
1 8 1
1 8 3
1 8 4
1 8 61
1 8 5
1 8 7
1 8 8
1 8 9
1 8 62
1 8 10
1 8 11
1 8 64
1 8 12
1 8 13
1 8 65
1 8 15
1 8 16
1 8 17
1 8 18
1 8 19
1 8 20
1 8 21
1 8 23
1 8 24
1 8 25
1 8 26
1 8 27
1 8 28
1 8 29
1 8 68
1 8 30
1 8 31
1 8 69
1 8 70
1 8 72
1 8 73
1 8 74
1 8 32
1 8 75
1 8 76
1 8 33
1 8 34
1 8 77
1 8 35
1 8 80
1 8 81
1 8 83
1 8 84
1 8 36
1 8 86
1 8 37
1 8 38
1 8 89
1 8 91
1 8 39
1 8 93
1 8 97
1 8 40
1 8 98
1 8 99
1 8 41
1 8 102
1 8 103
1 8 121
1 8 42
1 8 104
1 8 43
1 8 44
1 8 105
1 8 45
1 8 123
1 8 106
1 8 107
1 8 46
1 8 47
1 8 48
1 8 124
1 8 109
1 8 110
1 8 49
1 8 112
1 8 125
1 8 50
1 8 127
1 8 113
1 8 51
1 8 53
1 8 115
1 8 54
1 8 55
1 8 56
1 8 126
1 8 57
1 8 58
1 8 116
1 8 117
1 8 122
1 8 59
1 8 118
1 8 119
1 8 60
1 9 2
1 9 1
1 9 4
1 9 61
1 9 5
1 9 7
1 9 8
1 9 63
1 9 10
1 9 11
1 9 12
1 9 13
1 9 15
1 9 16
1 9 18
1 9 19
1 9 21
1 9 22
1 9 23
1 9 24
1 9 25
1 9 26
1 9 27
1 9 28
1 9 29
1 9 67
1 9 30
1 9 31
1 9 70
1 9 72
1 9 73
1 9 74
1 9 32
1 9 75
1 9 76
1 9 34
1 9 77
1 9 81
1 9 84
1 9 86
1 9 38
1 9 89
1 9 92
1 9 39
1 9 93
1 9 95
1 9 99
1 9 42
1 9 104
1 9 43
1 9 45
1 9 106
1 9 46
1 9 112
1 9 125
1 9 127
1 9 113
1 9 51
1 9 52
1 9 53
1 9 115
1 9 55
1 9 57
1 9 59
1 9 60
1 62 1
1 62 3
1 62 4
1 62 5
1 62 6
1 62 8
1 62 9
1 62 63
1 62 10
1 62 11
1 62 13
1 62 65
1 62 15
1 62 19
1 62 20
1 62 22
1 62 24
1 62 25
1 62 26
1 62 27
1 62 28
1 62 67
1 62 30
1 62 31
1 62 71
1 62 120
1 62 75
1 62 76
1 62 33
1 62 34
1 62 78
1 62 81
1 62 84
1 62 85
1 62 36
1 62 86
1 62 38
1 62 89
1 62 91
1 62 93
1 62 101
1 62 102
1 62 103
1 62 42
1 62 43
1 62 105
1 62 45
1 62 46
1 62 48
1 62 124
1 62 110
1 62 125
1 62 114
1 62 51
1 62 53
1 62 115
1 62 57
1 62 116
1 62 59
1 62 118
1 62 119
1 62 60
1 128 1
1 128 3
1 128 4
1 128 5
1 128 6
1 128 8
1 128 10
1 128 11
1 128 65
1 128 15
1 128 17
1 128 18
1 128 19
1 128 66
1 128 25
1 128 26
1 128 27
1 128 28
1 128 30
1 128 31
1 128 73
1 128 32
1 128 34
1 128 35
1 128 81
1 128 82
1 128 88
1 128 38
1 128 91
1 128 97
1 128 121
1 128 43
1 128 44
1 128 45
1 128 129
1 128 46
1 128 47
1 128 48
1 128 49
1 128 113
1 128 51
1 128 54
1 128 57
1 128 118
1 128 119
1 128 60
1 63 2
1 63 4
1 63 5
1 63 6
1 63 7
1 63 62
1 63 16
1 63 19
1 63 24
1 63 25
1 63 26
1 63 27
1 63 28
1 63 31
1 63 75
1 63 84
1 63 85
1 63 37
1 63 38
1 63 98
1 63 99
1 63 101
1 63 43
1 63 108
1 63 113
1 10 2
1 10 1
1 10 3
1 10 4
1 10 61
1 10 5
1 10 6
1 10 7
1 10 8
1 10 9
1 10 62
1 10 63
1 10 11
1 10 64
1 10 12
1 10 13
1 10 65
1 10 15
1 10 16
1 10 17
1 10 18
1 10 19
1 10 20
1 10 21
1 10 22
1 10 23
1 10 24
1 10 66
1 10 25
1 10 26
1 10 27
1 10 28
1 10 29
1 10 67
1 10 68
1 10 30
1 10 31
1 10 69
1 10 70
1 10 71
1 10 72
1 10 120
1 10 73
1 10 74
1 10 32
1 10 75
1 10 76
1 10 33
1 10 34
1 10 77
1 10 79
1 10 35
1 10 80
1 10 81
1 10 82
1 10 83
1 10 84
1 10 85
1 10 86
1 10 88
1 10 37
1 10 38
1 10 89
1 10 90
1 10 91
1 10 92
1 10 39
1 10 93
1 10 96
1 10 40
1 10 99
1 10 101
1 10 130
1 10 102
1 10 103
1 10 121
1 10 42
1 10 43
1 10 105
1 10 45
1 10 106
1 10 107
1 10 129
1 10 46
1 10 47
1 10 108
1 10 48
1 10 124
1 10 109
1 10 111
1 10 49
1 10 50
1 10 113
1 10 114
1 10 51
1 10 53
1 10 115
1 10 54
1 10 56
1 10 57
1 10 58
1 10 116
1 10 117
1 10 59
1 10 118
1 10 119
1 10 60
1 10 131
1 11 2
1 11 1
1 11 3
1 11 4
1 11 61
1 11 5
1 11 6
1 11 7
1 11 8
1 11 9
1 11 62
1 11 63
1 11 10
1 11 64
1 11 12
1 11 13
1 11 14
1 11 65
1 11 15
1 11 16
1 11 17
1 11 18
1 11 19
1 11 20
1 11 21
1 11 22
1 11 23
1 11 24
1 11 66
1 11 25
1 11 26
1 11 27
1 11 28
1 11 29
1 11 67
1 11 68
1 11 30
1 11 31
1 11 69
1 11 70
1 11 71
1 11 72
1 11 120
1 11 73
1 11 74
1 11 32
1 11 75
1 11 76
1 11 33
1 11 34
1 11 77
1 11 78
1 11 35
1 11 80
1 11 81
1 11 82
1 11 83
1 11 84
1 11 85
1 11 86
1 11 87
1 11 88
1 11 37
1 11 38
1 11 89
1 11 90
1 11 91
1 11 92
1 11 39
1 11 93
1 11 94
1 11 95
1 11 96
1 11 97
1 11 40
1 11 99
1 11 100
1 11 101
1 11 130
1 11 102
1 11 103
1 11 121
1 11 42
1 11 104
1 11 43
1 11 105
1 11 45
1 11 106
1 11 107
1 11 46
1 11 108
1 11 48
1 11 124
1 11 109
1 11 110
1 11 111
1 11 49
1 11 113
1 11 114
1 11 51
1 11 53
1 11 115
1 11 54
1 11 57
1 11 58
1 11 117
1 11 59
1 11 118
1 11 119
1 11 60
1 64 5
1 64 31
1 64 75
1 64 78
1 64 86
1 64 37
1 64 100
1 64 103
1 64 104
1 64 105
1 64 47
1 64 124
1 64 112
1 64 116
1 12 2
1 12 1
1 12 4
1 12 5
1 12 6
1 12 7
1 12 10
1 12 11
1 12 65
1 12 15
1 12 16
1 12 19
1 12 21
1 12 25
1 12 27
1 12 28
1 12 29
1 12 30
1 12 31
1 12 72
1 12 82
1 12 83
1 12 38
1 12 89
1 12 97
1 12 40
1 12 99
1 12 42
1 12 43
1 12 46
1 12 49
1 12 125
1 12 51
1 12 52
1 12 54
1 12 57
1 12 117
1 12 118
1 12 132
1 12 119
1 12 60
1 13 2
1 13 1
1 13 3
1 13 5
1 13 6
1 13 7
1 13 8
1 13 9
1 13 10
1 13 12
1 13 16
1 13 18
1 13 19
1 13 20
1 13 21
1 13 23
1 13 66
1 13 25
1 13 29
1 13 30
1 13 31
1 13 72
1 13 77
1 13 82
1 13 86
1 13 87
1 13 42
1 13 46
1 13 48
1 13 110
1 13 49
1 13 113
1 13 53
1 13 54
1 13 55
1 13 56
1 13 117
1 13 119
1 13 60
1 14 2
1 14 1
1 14 5
1 14 6
1 14 8
1 14 10
1 14 11
1 14 16
1 14 17
1 14 18
1 14 19
1 14 20
1 14 25
1 14 27
1 14 28
1 14 29
1 14 67
1 14 30
1 14 31
1 14 80
1 14 82
1 14 83
1 14 130
1 14 42
1 14 48
1 14 111
1 14 49
1 14 51
1 14 54
1 14 60
1 133 65
1 133 27
1 133 67
1 65 2
1 65 1
1 65 3
1 65 4
1 65 5
1 65 6
1 65 7
1 65 8
1 65 62
1 65 63
1 65 10
1 65 11
1 65 15
1 65 17
1 65 18
1 65 19
1 65 22
1 65 66
1 65 25
1 65 26
1 65 27
1 65 28
1 65 30
1 65 31
1 65 69
1 65 72
1 65 33
1 65 34
1 65 77
1 65 35
1 65 80
1 65 81
1 65 84
1 65 38
1 65 91
1 65 39
1 65 93
1 65 102
1 65 42
1 65 43
1 65 48
1 65 49
1 65 114
1 65 59
1 15 1
1 15 3
1 15 4
1 15 61
1 15 5
1 15 6
1 15 7
1 15 8
1 15 9
1 15 62
1 15 63
1 15 10
1 15 11
1 15 64
1 15 12
1 15 13
1 15 65
1 15 16
1 15 17
1 15 18
1 15 19
1 15 21
1 15 22
1 15 23
1 15 24
1 15 66
1 15 25
1 15 26
1 15 27
1 15 28
1 15 29
1 15 67
1 15 68
1 15 30
1 15 31
1 15 69
1 15 71
1 15 72
1 15 120
1 15 73
1 15 74
1 15 32
1 15 75
1 15 76
1 15 33
1 15 34
1 15 77
1 15 78
1 15 79
1 15 35
1 15 80
1 15 81
1 15 82
1 15 84
1 15 85
1 15 86
1 15 87
1 15 88
1 15 37
1 15 38
1 15 89
1 15 90
1 15 91
1 15 92
1 15 39
1 15 93
1 15 95
1 15 96
1 15 97
1 15 40
1 15 99
1 15 101
1 15 130
1 15 102
1 15 103
1 15 121
1 15 42
1 15 104
1 15 43
1 15 123
1 15 106
1 15 46
1 15 108
1 15 48
1 15 124
1 15 109
1 15 49
1 15 113
1 15 114
1 15 51
1 15 53
1 15 54
1 15 57
1 15 58
1 15 116
1 15 59
1 15 118
1 15 60
1 16 2
1 16 1
1 16 3
1 16 4
1 16 61
1 16 5
1 16 6
1 16 7
1 16 8
1 16 9
1 16 62
1 16 63
1 16 10
1 16 11
1 16 12
1 16 13
1 16 65
1 16 15
1 16 18
1 16 19
1 16 21
1 16 22
1 16 23
1 16 24
1 16 66
1 16 25
1 16 26
1 16 27
1 16 28
1 16 29
1 16 67
1 16 68
1 16 30
1 16 31
1 16 33
1 16 34
1 16 77
1 16 81
1 16 84
1 16 86
1 16 38
1 16 89
1 16 97
1 16 42
1 16 43
1 16 48
1 16 49
1 16 127
1 16 113
1 16 53
1 16 54
1 134 4
1 134 12
1 134 24
1 134 83
1 134 130
1 134 111
1 17 1
1 17 3
1 17 4
1 17 61
1 17 5
1 17 62
1 17 10
1 17 11
1 17 14
1 17 65
1 17 15
1 17 17
1 17 19
1 17 20
1 17 22
1 17 66
1 17 25
1 17 26
1 17 27
1 17 28
1 17 30
1 17 31
1 17 73
1 17 32
1 17 34
1 17 77
1 17 35
1 17 86
1 17 91
1 17 39
1 17 94
1 17 40
1 17 99
1 17 42
1 17 123
1 17 106
1 17 129
1 17 46
1 17 48
1 17 110
1 17 49
1 17 113
1 17 115
1 17 54
1 17 57
1 17 58
1 17 117
1 17 118
1 17 119
1 18 2
1 18 1
1 18 3
1 18 61
1 18 5
1 18 6
1 18 7
1 18 8
1 18 9
1 18 10
1 18 11
1 18 12
1 18 13
1 18 14
1 18 65
1 18 15
1 18 16
1 18 17
1 18 18
1 18 19
1 18 20
1 18 21
1 18 24
1 18 66
1 18 25
1 18 26
1 18 27
1 18 28
1 18 29
1 18 30
1 18 31
1 18 69
1 18 73
1 18 74
1 18 76
1 18 34
1 18 77
1 18 80
1 18 81
1 18 36
1 18 86
1 18 38
1 18 97
1 18 99
1 18 41
1 18 103
1 18 121
1 18 42
1 18 43
1 18 44
1 18 105
1 18 46
1 18 47
1 18 108
1 18 48
1 18 109
1 18 110
1 18 49
1 18 50
1 18 113
1 18 114
1 18 51
1 18 52
1 18 53
1 18 54
1 18 56
1 18 117
1 18 59
1 18 118
1 18 119
1 18 60
1 19 2
1 19 1
1 19 3
1 19 4
1 19 61
1 19 5
1 19 6
1 19 7
1 19 8
1 19 9
1 19 62
1 19 63
1 19 10
1 19 11
1 19 64
1 19 12
1 19 14
1 19 65
1 19 15
1 19 16
1 19 17
1 19 18
1 19 20
1 19 21
1 19 22
1 19 23
1 19 24
1 19 66
1 19 25
1 19 26
1 19 27
1 19 28
1 19 29
1 19 67
1 19 68
1 19 30
1 19 31
1 19 69
1 19 70
1 19 71
1 19 72
1 19 120
1 19 73
1 19 74
1 19 32
1 19 75
1 19 76
1 19 33
1 19 34
1 19 77
1 19 79
1 19 35
1 19 80
1 19 81
1 19 82
1 19 83
1 19 84
1 19 85
1 19 87
1 19 88
1 19 38
1 19 89
1 19 90
1 19 91
1 19 92
1 19 39
1 19 93
1 19 95
1 19 96
1 19 40
1 19 98
1 19 99
1 19 100
1 19 101
1 19 130
1 19 102
1 19 42
1 19 104
1 19 43
1 19 105
1 19 45
1 19 106
1 19 46
1 19 47
1 19 108
1 19 48
1 19 124
1 19 109
1 19 110
1 19 111
1 19 49
1 19 112
1 19 113
1 19 114
1 19 51
1 19 52
1 19 53
1 19 54
1 19 57
1 19 58
1 19 116
1 19 117
1 19 59
1 19 118
1 19 119
1 19 60
1 20 2
1 20 1
1 20 4
1 20 5
1 20 62
1 20 11
1 20 65
1 20 66
1 20 25
1 20 27
1 20 29
1 20 30
1 20 31
1 20 35
1 20 97
1 20 42
1 20 43
1 20 48
1 20 49
1 20 51
1 20 54
1 21 1
1 21 4
1 21 5
1 21 6
1 21 7
1 21 8
1 21 9
1 21 63
1 21 10
1 21 11
1 21 65
1 21 15
1 21 16
1 21 17
1 21 18
1 21 19
1 21 22
1 21 23
1 21 24
1 21 25
1 21 26
1 21 27
1 21 28
1 21 29
1 21 30
1 21 31
1 21 72
1 21 34
1 21 79
1 21 35
1 21 81
1 21 38
1 21 41
1 21 42
1 21 44
1 21 106
1 21 124
1 21 110
1 21 49
1 21 50
1 21 113
1 21 54
1 21 55
1 21 56
1 21 59
1 22 2
1 22 1
1 22 3
1 22 4
1 22 61
1 22 5
1 22 6
1 22 8
1 22 9
1 22 62
1 22 63
1 22 10
1 22 11
1 22 12
1 22 65
1 22 15
1 22 17
1 22 19
1 22 20
1 22 23
1 22 24
1 22 66
1 22 25
1 22 26
1 22 27
1 22 28
1 22 67
1 22 68
1 22 30
1 22 31
1 22 69
1 22 71
1 22 72
1 22 33
1 22 34
1 22 77
1 22 35
1 22 80
1 22 81
1 22 82
1 22 83
1 22 84
1 22 87
1 22 88
1 22 38
1 22 89
1 22 90
1 22 91
1 22 39
1 22 93
1 22 95
1 22 97
1 22 99
1 22 101
1 22 130
1 22 102
1 22 121
1 22 42
1 22 43
1 22 105
1 22 106
1 22 107
1 22 46
1 22 108
1 22 110
1 22 111
1 22 113
1 22 114
1 22 51
1 22 117
1 22 60
1 23 2
1 23 1
1 23 3
1 23 4
1 23 61
1 23 5
1 23 6
1 23 7
1 23 8
1 23 9
1 23 10
1 23 11
1 23 64
1 23 12
1 23 13
1 23 14
1 23 65
1 23 15
1 23 16
1 23 17
1 23 18
1 23 19
1 23 21
1 23 22
1 23 24
1 23 25
1 23 26
1 23 27
1 23 28
1 23 29
1 23 67
1 23 68
1 23 30
1 23 31
1 23 69
1 23 70
1 23 71
1 23 72
1 23 73
1 23 74
1 23 75
1 23 76
1 23 34
1 23 77
1 23 80
1 23 81
1 23 82
1 23 83
1 23 84
1 23 86
1 23 37
1 23 38
1 23 89
1 23 91
1 23 92
1 23 39
1 23 93
1 23 95
1 23 40
1 23 98
1 23 99
1 23 100
1 23 101
1 23 41
1 23 130
1 23 103
1 23 121
1 23 42
1 23 104
1 23 43
1 23 44
1 23 105
1 23 106
1 23 107
1 23 46
1 23 108
1 23 124
1 23 109
1 23 49
1 23 50
1 23 113
1 23 52
1 23 54
1 23 56
1 23 126
1 23 57
1 23 58
1 23 59
1 23 118
1 23 60
1 24 1
1 24 3
1 24 4
1 24 5
1 24 6
1 24 8
1 24 10
1 24 11
1 24 65
1 24 15
1 24 19
1 24 26
1 24 67
1 24 68
1 24 30
1 24 31
1 24 72
1 24 34
1 24 77
1 24 35
1 24 81
1 24 83
1 24 84
1 24 86
1 24 88
1 24 38
1 24 89
1 24 90
1 24 101
1 24 130
1 24 42
1 24 45
1 24 106
1 24 107
1 24 108
1 24 111
1 66 2
1 66 1
1 66 5
1 66 6
1 66 8
1 66 10
1 66 11
1 66 14
1 66 65
1 66 15
1 66 17
1 66 18
1 66 19
1 66 20
1 66 25
1 66 27
1 66 67
1 66 30
1 66 31
1 66 73
1 66 76
1 66 34
1 66 79
1 66 82
1 66 88
1 66 39
1 66 94
1 66 96
1 66 97
1 66 42
1 66 43
1 66 45
1 66 106
1 66 46
1 66 48
1 66 49
1 66 113
1 66 51
1 66 54
1 66 57
1 66 117
1 66 118
1 66 119
1 66 60
1 25 1
1 25 5
1 25 6
1 25 7
1 25 8
1 25 9
1 25 63
1 25 10
1 25 11
1 25 12
1 25 13
1 25 65
1 25 15
1 25 16
1 25 17
1 25 18
1 25 19
1 25 20
1 25 21
1 25 22
1 25 23
1 25 24
1 25 27
1 25 28
1 25 29
1 25 67
1 25 68
1 25 30
1 25 31
1 25 69
1 25 72
1 25 74
1 25 34
1 25 80
1 25 81
1 25 36
1 25 86
1 25 38
1 25 95
1 25 97
1 25 130
1 25 121
1 25 42
1 25 43
1 25 44
1 25 46
1 25 47
1 25 49
1 25 50
1 25 113
1 25 51
1 25 52
1 25 53
1 25 55
1 25 56
1 25 57
1 25 59
1 25 60
1 26 1
1 26 3
1 26 4
1 26 5
1 26 6
1 26 7
1 26 8
1 26 9
1 26 62
1 26 63
1 26 10
1 26 11
1 26 64
1 26 12
1 26 65
1 26 15
1 26 16
1 26 17
1 26 18
1 26 19
1 26 21
1 26 22
1 26 23
1 26 24
1 26 25
1 26 27
1 26 28
1 26 29
1 26 67
1 26 68
1 26 30
1 26 31
1 26 69
1 26 71
1 26 120
1 26 73
1 26 74
1 26 32
1 26 75
1 26 76
1 26 33
1 26 34
1 26 77
1 26 79
1 26 35
1 26 80
1 26 81
1 26 84
1 26 85
1 26 86
1 26 88
1 26 38
1 26 89
1 26 90
1 26 91
1 26 39
1 26 93
1 26 40
1 26 99
1 26 100
1 26 101
1 26 130
1 26 102
1 26 103
1 26 42
1 26 104
1 26 43
1 26 105
1 26 45
1 26 106
1 26 46
1 26 108
1 26 48
1 26 124
1 26 109
1 26 110
1 26 113
1 26 114
1 26 51
1 26 53
1 26 115
1 26 54
1 26 57
1 26 58
1 26 117
1 26 59
1 26 118
1 26 119
1 26 131
1 27 1
1 27 4
1 27 5
1 27 6
1 27 7
1 27 8
1 27 9
1 27 62
1 27 63
1 27 10
1 27 11
1 27 15
1 27 19
1 27 22
1 27 23
1 27 24
1 27 25
1 27 26
1 27 28
1 27 67
1 27 30
1 27 31
1 27 71
1 27 72
1 27 33
1 27 34
1 27 77
1 27 80
1 27 84
1 27 85
1 27 38
1 27 89
1 27 91
1 27 39
1 27 101
1 27 102
1 27 42
1 27 107
1 27 46
1 27 108
1 27 116
1 28 1
1 28 3
1 28 4
1 28 61
1 28 5
1 28 6
1 28 7
1 28 8
1 28 9
1 28 62
1 28 63
1 28 10
1 28 11
1 28 12
1 28 15
1 28 16
1 28 17
1 28 19
1 28 23
1 28 24
1 28 66
1 28 25
1 28 26
1 28 27
1 28 67
1 28 68
1 28 30
1 28 31
1 28 70
1 28 71
1 28 72
1 28 73
1 28 74
1 28 33
1 28 34
1 28 77
1 28 35
1 28 80
1 28 81
1 28 85
1 28 86
1 28 87
1 28 38
1 28 89
1 28 90
1 28 91
1 28 92
1 28 39
1 28 93
1 28 102
1 28 103
1 28 42
1 28 43
1 28 108
1 28 48
1 28 110
1 28 111
1 28 49
1 28 112
1 28 113
1 28 53
1 28 54
1 28 55
1 28 59
1 135 24
1 29 2
1 29 1
1 29 3
1 29 4
1 29 61
1 29 5
1 29 6
1 29 7
1 29 8
1 29 9
1 29 62
1 29 63
1 29 10
1 29 11
1 29 12
1 29 13
1 29 65
1 29 15
1 29 16
1 29 18
1 29 19
1 29 20
1 29 21
1 29 22
1 29 23
1 29 24
1 29 66
1 29 25
1 29 26
1 29 27
1 29 28
1 29 29
1 29 67
1 29 30
1 29 31
1 29 69
1 29 70
1 29 71
1 29 72
1 29 120
1 29 73
1 29 74
1 29 75
1 29 76
1 29 33
1 29 34
1 29 77
1 29 35
1 29 80
1 29 81
1 29 82
1 29 84
1 29 86
1 29 87
1 29 38
1 29 89
1 29 91
1 29 39
1 29 93
1 29 96
1 29 97
1 29 99
1 29 102
1 29 103
1 29 121
1 29 42
1 29 104
1 29 43
1 29 44
1 29 105
1 29 45
1 29 106
1 29 107
1 29 46
1 29 108
1 29 48
1 29 109
1 29 110
1 29 49
1 29 112
1 29 50
1 29 127
1 29 113
1 29 114
1 29 51
1 29 52
1 29 53
1 29 54
1 29 55
1 29 56
1 29 57
1 29 117
1 29 59
1 29 118
1 29 132
1 29 60
1 67 2
1 67 1
1 67 3
1 67 4
1 67 5
1 67 6
1 67 7
1 67 8
1 67 62
1 67 10
1 67 11
1 67 12
1 67 65
1 67 15
1 67 16
1 67 17
1 67 19
1 67 20
1 67 21
1 67 23
1 67 24
1 67 66
1 67 25
1 67 27
1 67 28
1 67 29
1 67 30
1 67 31
1 67 69
1 67 71
1 67 72
1 67 120
1 67 73
1 67 76
1 67 33
1 67 35
1 67 80
1 67 81
1 67 82
1 67 83
1 67 84
1 67 88
1 67 38
1 67 90
1 67 91
1 67 39
1 67 93
1 67 95
1 67 97
1 67 99
1 67 101
1 67 130
1 67 121
1 67 43
1 67 45
1 67 46
1 67 47
1 67 48
1 67 111
1 67 49
1 67 113
1 67 114
1 67 54
1 67 116
1 67 117
1 67 118
1 67 119
1 136 30
1 68 1
1 68 4
1 68 5
1 68 11
1 68 15
1 68 22
1 68 24
1 68 26
1 68 28
1 68 30
1 68 31
1 68 69
1 68 72
1 68 34
1 68 77
1 68 79
1 68 35
1 68 80
1 68 81
1 68 83
1 68 84
1 68 89
1 68 90
1 68 39
1 68 101
1 68 130
1 68 106
1 68 107
1 68 108
1 68 111
1 68 113
1 68 118
1 137 2
1 137 1
1 137 4
1 137 5
1 137 6
1 137 7
1 137 8
1 137 9
1 137 10
1 137 11
1 137 12
1 137 13
1 137 14
1 137 65
1 137 16
1 137 17
1 137 18
1 137 19
1 137 21
1 137 23
1 137 66
1 137 25
1 137 27
1 137 28
1 137 29
1 137 67
1 137 30
1 137 31
1 137 73
1 137 32
1 137 76
1 137 34
1 137 77
1 137 78
1 137 79
1 137 35
1 137 80
1 137 82
1 137 36
1 137 88
1 137 94
1 137 97
1 137 121
1 137 42
1 137 43
1 137 44
1 137 45
1 137 123
1 137 106
1 137 129
1 137 46
1 137 48
1 137 111
1 137 49
1 137 125
1 137 50
1 137 113
1 137 51
1 137 52
1 137 54
1 137 56
1 137 126
1 137 57
1 137 58
1 137 117
1 137 122
1 137 118
1 137 119
1 137 60
1 137 131
1 30 2
1 30 1
1 30 3
1 30 4
1 30 5
1 30 6
1 30 7
1 30 8
1 30 9
1 30 62
1 30 63
1 30 10
1 30 11
1 30 12
1 30 65
1 30 15
1 30 16
1 30 17
1 30 18
1 30 19
1 30 20
1 30 21
1 30 22
1 30 23
1 30 24
1 30 25
1 30 26
1 30 27
1 30 28
1 30 29
1 30 67
1 30 68
1 30 31
1 30 69
1 30 70
1 30 72
1 30 120
1 30 73
1 30 76
1 30 33
1 30 34
1 30 77
1 30 79
1 30 35
1 30 80
1 30 81
1 30 82
1 30 83
1 30 84
1 30 85
1 30 36
1 30 87
1 30 88
1 30 38
1 30 89
1 30 90
1 30 91
1 30 39
1 30 93
1 30 97
1 30 98
1 30 99
1 30 100
1 30 101
1 30 41
1 30 102
1 30 103
1 30 121
1 30 42
1 30 104
1 30 43
1 30 44
1 30 105
1 30 45
1 30 106
1 30 46
1 30 47
1 30 108
1 30 48
1 30 109
1 30 111
1 30 49
1 30 112
1 30 125
1 30 113
1 30 114
1 30 51
1 30 52
1 30 54
1 30 126
1 30 57
1 30 58
1 30 116
1 30 117
1 30 59
1 30 118
1 30 119
1 30 60
1 31 2
1 31 1
1 31 3
1 31 4
1 31 61
1 31 5
1 31 6
1 31 7
1 31 8
1 31 9
1 31 62
1 31 63
1 31 10
1 31 11
1 31 64
1 31 12
1 31 13
1 31 65
1 31 15
1 31 16
1 31 17
1 31 18
1 31 19
1 31 20
1 31 21
1 31 22
1 31 23
1 31 24
1 31 66
1 31 25
1 31 26
1 31 27
1 31 28
1 31 29
1 31 67
1 31 68
1 31 30
1 31 69
1 31 70
1 31 71
1 31 72
1 31 120
1 31 73
1 31 74
1 31 75
1 31 76
1 31 33
1 31 34
1 31 77
1 31 78
1 31 79
1 31 35
1 31 80
1 31 81
1 31 82
1 31 83
1 31 84
1 31 86
1 31 88
1 31 37
1 31 38
1 31 89
1 31 90
1 31 91
1 31 92
1 31 39
1 31 93
1 31 95
1 31 97
1 31 40
1 31 98
1 31 99
1 31 100
1 31 41
1 31 130
1 31 102
1 31 103
1 31 42
1 31 104
1 31 43
1 31 44
1 31 105
1 31 45
1 31 123
1 31 107
1 31 46
1 31 47
1 31 108
1 31 48
1 31 124
1 31 109
1 31 110
1 31 111
1 31 49
1 31 112
1 31 125
1 31 50
1 31 127
1 31 113
1 31 114
1 31 51
1 31 52
1 31 53
1 31 115
1 31 54
1 31 55
1 31 126
1 31 58
1 31 116
1 31 117
1 31 59
1 31 118
1 31 119
1 31 60
1 138 2
1 138 24
1 138 83
1 139 2
1 139 1
1 139 3
1 139 5
1 139 6
1 139 7
1 139 8
1 139 9
1 139 63
1 139 10
1 139 11
1 139 12
1 139 15
1 139 16
1 139 18
1 139 19
1 139 22
1 139 23
1 139 24
1 139 25
1 139 27
1 139 28
1 139 29
1 139 30
1 139 31
1 139 71
1 139 76
1 139 33
1 139 34
1 139 77
1 139 80
1 139 38
1 139 89
1 139 92
1 139 39
1 139 93
1 139 99
1 139 102
1 139 42
1 139 44
1 139 46
1 139 48
1 139 50
1 139 51
1 139 52
1 139 54
1 69 72
1 69 120
1 69 33
1 69 35
1 69 93
1 69 95
1 69 116
1 69 119
1 70 3
1 70 61
1 70 10
1 70 11
1 70 15
1 70 21
1 70 25
1 70 26
1 70 31
1 70 74
1 70 75
1 70 78
1 70 86
1 70 91
1 70 98
1 70 99
1 70 103
1 70 104
1 70 46
1 70 48
1 70 124
1 70 109
1 70 49
1 70 53
1 71 1
1 71 3
1 71 19
1 71 27
1 71 28
1 71 31
1 71 69
1 71 33
1 71 77
1 71 87
1 71 92
1 71 39
1 71 93
1 71 95
1 72 1
1 72 3
1 72 5
1 72 6
1 72 8
1 72 10
1 72 15
1 72 16
1 72 17
1 72 19
1 72 20
1 72 22
1 72 23
1 72 25
1 72 26
1 72 67
1 72 30
1 72 31
1 72 69
1 72 120
1 72 34
1 72 35
1 72 80
1 72 84
1 72 85
1 72 86
1 72 88
1 72 90
1 72 91
1 72 92
1 72 39
1 72 130
1 72 121
1 72 42
1 72 106
1 72 46
1 72 113
1 72 114
1 72 51
1 72 117
1 73 4
1 73 5
1 73 10
1 73 28
1 73 30
1 73 31
1 73 32
1 74 1
1 74 5
1 74 6
1 74 7
1 74 11
1 74 12
1 74 15
1 74 26
1 74 28
1 74 30
1 74 31
1 74 70
1 74 74
1 74 75
1 74 78
1 74 86
1 74 89
1 74 40
1 74 98
1 74 99
1 74 104
1 74 105
1 74 124
1 74 110
1 74 112
1 74 52
1 75 5
1 75 64
1 75 31
1 75 74
1 75 81
1 75 37
1 75 100
1 75 103
1 75 105
1 75 109
1 75 110
1 75 112
1 75 58
1 76 10
1 76 57
1 76 117
1 33 1
1 33 3
1 33 5
1 33 25
1 33 27
1 33 28
1 33 31
1 33 69
1 33 71
1 33 72
1 33 77
1 33 80
1 33 81
1 33 84
1 33 87
1 33 38
1 33 91
1 33 92
1 33 93
1 33 95
1 140 15
1 34 1
1 34 4
1 34 6
1 34 7
1 34 8
1 34 9
1 34 62
1 34 63
1 34 10
1 34 11
1 34 65
1 34 17
1 34 18
1 34 19
1 34 22
1 34 25
1 34 26
1 34 27
1 34 67
1 34 30
1 34 72
1 34 73
1 34 35
1 34 80
1 34 81
1 34 88
1 34 38
1 34 91
1 34 39
1 34 101
1 34 46
1 34 113
1 34 114
1 34 51
1 34 116
1 34 60
1 77 3
1 77 4
1 77 5
1 77 62
1 77 63
1 77 10
1 77 11
1 77 12
1 77 15
1 77 19
1 77 22
1 77 24
1 77 27
1 77 28
1 77 67
1 77 68
1 77 30
1 77 31
1 77 71
1 77 72
1 77 33
1 77 34
1 77 35
1 77 80
1 77 81
1 77 84
1 77 85
1 77 86
1 77 38
1 77 90
1 77 91
1 77 92
1 77 39
1 77 93
1 77 40
1 77 101
1 77 130
1 77 102
1 77 42
1 77 43
1 77 106
1 77 107
1 77 108
1 77 113
1 77 114
1 77 51
1 77 53
1 141 10
1 141 81
1 141 105
1 141 109
1 141 110
1 141 116
1 142 5
1 142 10
1 142 11
1 142 26
1 142 28
1 142 31
1 142 74
1 142 75
1 142 81
1 142 86
1 142 105
1 142 47
1 142 124
1 142 116
1 78 5
1 78 10
1 78 65
1 78 26
1 78 31
1 78 74
1 78 75
1 78 99
1 78 100
1 78 104
1 35 1
1 35 5
1 35 10
1 35 11
1 35 15
1 35 19
1 35 22
1 35 26
1 35 27
1 35 67
1 35 31
1 35 69
1 35 72
1 35 34
1 35 81
1 35 91
1 35 92
1 35 95
1 35 114
1 80 1
1 80 3
1 80 6
1 80 8
1 80 62
1 80 10
1 80 11
1 80 15
1 80 17
1 80 19
1 80 22
1 80 24
1 80 26
1 80 27
1 80 28
1 80 67
1 80 68
1 80 30
1 80 69
1 80 71
1 80 72
1 80 33
1 80 34
1 80 77
1 80 35
1 80 84
1 80 87
1 80 90
1 80 91
1 80 92
1 80 39
1 80 93
1 80 95
1 80 101
1 80 130
1 80 103
1 80 106
1 80 107
1 80 108
1 80 111
1 80 49
1 80 114
1 80 54
1 81 1
1 81 3
1 81 4
1 81 5
1 81 6
1 81 7
1 81 8
1 81 9
1 81 62
1 81 10
1 81 11
1 81 15
1 81 19
1 81 23
1 81 24
1 81 25
1 81 27
1 81 28
1 81 30
1 81 31
1 81 70
1 81 34
1 81 80
1 81 84
1 81 36
1 81 86
1 81 38
1 81 91
1 81 93
1 81 101
1 81 108
1 81 53
1 82 4
1 82 36
1 82 88
1 82 97
1 82 43
1 82 45
1 82 51
1 82 54
1 82 143
1 82 122
1 83 24
1 84 4
1 84 5
1 84 62
1 84 63
1 84 10
1 84 11
1 84 65
1 84 15
1 84 19
1 84 22
1 84 24
1 84 25
1 84 26
1 84 27
1 84 30
1 84 31
1 84 72
1 84 34
1 84 77
1 84 35
1 84 38
1 84 89
1 84 91
1 84 92
1 84 39
1 84 101
1 84 102
1 84 107
1 84 108
1 85 4
1 85 10
1 85 11
1 85 19
1 85 22
1 85 26
1 85 28
1 85 31
1 85 120
1 85 33
1 85 81
1 85 90
1 36 123
1 36 126
1 86 1
1 86 61
1 86 5
1 86 6
1 86 8
1 86 11
1 86 64
1 86 65
1 86 15
1 86 16
1 86 19
1 86 21
1 86 24
1 86 25
1 86 26
1 86 30
1 86 31
1 86 70
1 86 120
1 86 74
1 86 75
1 86 33
1 86 78
1 86 35
1 86 37
1 86 91
1 86 93
1 86 40
1 86 98
1 86 99
1 86 100
1 86 42
1 86 104
1 86 46
1 86 124
1 86 110
1 86 49
1 86 112
1 86 113
1 86 114
1 86 54
1 87 69
1 87 71
1 87 95
1 88 4
1 88 5
1 88 10
1 88 19
1 88 26
1 88 28
1 88 67
1 88 30
1 88 46
1 88 115
1 88 118
1 88 131
1 37 64
1 37 31
1 37 75
1 38 4
1 38 5
1 38 6
1 38 7
1 38 62
1 38 63
1 38 17
1 38 18
1 38 25
1 38 27
1 38 28
1 38 30
1 38 31
1 38 101
1 38 102
1 38 51
1 38 54
1 144 61
1 144 64
1 144 19
1 144 31
1 144 75
1 144 37
1 144 40
1 144 99
1 144 100
1 144 103
1 144 105
1 144 47
1 144 124
1 89 1
1 89 3
1 89 4
1 89 61
1 89 5
1 89 6
1 89 7
1 89 8
1 89 63
1 89 10
1 89 11
1 89 65
1 89 15
1 89 19
1 89 22
1 89 25
1 89 26
1 89 27
1 89 28
1 89 29
1 89 30
1 89 31
1 89 69
1 89 120
1 89 73
1 89 32
1 89 76
1 89 34
1 89 35
1 89 81
1 89 84
1 89 85
1 89 88
1 89 38
1 89 99
1 89 101
1 89 42
1 89 43
1 89 45
1 89 46
1 89 127
1 89 113
1 89 114
1 89 59
1 89 118
1 89 60
1 90 10
1 90 11
1 90 24
1 90 35
1 90 83
1 90 84
1 90 91
1 90 101
1 90 130
1 90 107
1 90 108
1 91 1
1 91 5
1 91 10
1 91 15
1 91 19
1 91 22
1 91 24
1 91 26
1 91 67
1 91 30
1 91 31
1 91 72
1 91 75
1 91 34
1 91 77
1 91 35
1 91 80
1 91 81
1 91 90
1 91 92
1 91 39
1 91 93
1 91 130
1 91 114
1 145 69
1 92 1
1 92 3
1 92 4
1 92 5
1 92 62
1 92 10
1 92 11
1 92 19
1 92 27
1 92 28
1 92 31
1 92 71
1 92 72
1 92 33
1 92 34
1 92 77
1 92 35
1 92 80
1 92 87
1 92 91
1 92 39
1 92 93
1 92 95
1 92 114
1 39 1
1 39 3
1 39 4
1 39 5
1 39 10
1 39 11
1 39 15
1 39 22
1 39 26
1 39 27
1 39 28
1 39 30
1 39 31
1 39 72
1 39 33
1 39 34
1 39 77
1 39 80
1 39 84
1 39 89
1 39 91
1 39 92
1 39 93
1 39 101
1 39 42
1 39 114
1 93 1
1 93 3
1 93 5
1 93 6
1 93 8
1 93 62
1 93 11
1 93 15
1 93 24
1 93 25
1 93 27
1 93 28
1 93 68
1 93 31
1 93 69
1 93 71
1 93 72
1 93 33
1 93 34
1 93 77
1 93 80
1 93 84
1 93 87
1 93 38
1 93 91
1 93 92
1 93 39
1 93 95
1 93 130
1 93 42
1 93 111
1 93 114
1 94 1
1 94 5
1 94 11
1 94 65
1 94 17
1 94 27
1 94 67
1 94 30
1 94 69
1 94 34
1 94 91
1 94 40
1 94 46
1 94 48
1 94 109
1 94 113
1 94 118
1 95 1
1 95 3
1 95 5
1 95 11
1 95 27
1 95 28
1 95 31
1 95 69
1 95 71
1 95 72
1 95 33
1 95 34
1 95 77
1 95 80
1 95 87
1 95 91
1 95 92
1 95 93
1 95 102
1 96 4
1 96 5
1 96 10
1 96 11
1 96 15
1 96 19
1 96 28
1 96 30
1 96 31
1 96 73
1 96 32
1 96 76
1 96 34
1 96 88
1 96 46
1 96 57
1 96 58
1 96 117
1 96 118
1 97 4
1 97 5
1 97 30
1 97 43
1 97 45
1 97 122
1 146 10
1 146 12
1 146 14
1 146 65
1 146 17
1 146 20
1 146 24
1 146 66
1 146 25
1 146 27
1 146 67
1 146 69
1 146 70
1 146 76
1 146 77
1 146 35
1 146 87
1 146 89
1 146 94
1 146 95
1 146 96
1 146 100
1 146 130
1 146 44
1 146 106
1 146 124
1 146 113
1 40 5
1 40 15
1 40 26
1 40 31
1 40 75
1 40 86
1 40 89
1 40 124
1 98 70
1 98 99
1 99 1
1 99 61
1 99 5
1 99 64
1 99 15
1 99 26
1 99 27
1 99 31
1 99 70
1 99 74
1 99 75
1 99 78
1 99 86
1 99 40
1 99 98
1 99 100
1 99 130
1 99 103
1 99 124
1 99 112
1 99 116
1 100 5
1 100 64
1 100 31
1 100 74
1 100 75
1 100 86
1 100 37
1 100 109
1 100 112
1 101 63
1 101 65
1 101 24
1 101 27
1 101 68
1 101 84
1 101 108
1 101 114
1 41 1
1 41 5
1 41 6
1 41 8
1 41 31
1 41 42
1 41 55
1 41 56
1 130 4
1 130 10
1 130 65
1 130 19
1 130 22
1 130 26
1 130 67
1 130 68
1 130 30
1 130 31
1 130 34
1 130 35
1 130 81
1 130 83
1 130 89
1 130 90
1 130 39
1 130 93
1 130 106
1 130 107
1 130 108
1 130 111
1 147 64
1 147 26
1 147 31
1 147 75
1 147 33
1 147 86
1 147 37
1 147 100
1 147 105
1 147 112
1 102 1
1 102 4
1 102 62
1 102 63
1 102 19
1 102 27
1 102 38
1 103 5
1 103 10
1 103 19
1 103 30
1 103 31
1 103 75
1 103 105
1 103 47
1 103 124
1 103 109
1 103 110
1 103 112
1 103 116
1 121 10
1 121 28
1 121 43
1 42 1
1 42 3
1 42 4
1 42 6
1 42 7
1 42 8
1 42 9
1 42 11
1 42 12
1 42 13
1 42 65
1 42 16
1 42 18
1 42 19
1 42 21
1 42 23
1 42 25
1 42 27
1 42 29
1 42 30
1 42 74
1 42 38
1 42 41
1 42 42
1 42 43
1 42 48
1 42 49
1 42 127
1 42 53
1 42 55
1 42 56
1 42 59
1 148 6
1 148 7
1 149 61
1 149 5
1 149 11
1 149 46
1 104 4
1 104 5
1 104 10
1 104 15
1 104 16
1 104 19
1 104 26
1 104 27
1 104 28
1 104 30
1 104 31
1 104 74
1 104 75
1 104 77
1 104 78
1 104 86
1 104 38
1 104 89
1 104 40
1 104 98
1 104 99
1 104 104
1 104 124
1 104 110
1 43 1
1 43 3
1 43 4
1 43 61
1 43 5
1 43 6
1 43 7
1 43 8
1 43 9
1 43 62
1 43 10
1 43 11
1 43 12
1 43 13
1 43 65
1 43 15
1 43 16
1 43 19
1 43 20
1 43 21
1 43 24
1 43 25
1 43 27
1 43 28
1 43 29
1 43 67
1 43 30
1 43 31
1 43 70
1 43 71
1 43 73
1 43 32
1 43 76
1 43 34
1 43 35
1 43 81
1 43 82
1 43 36
1 43 38
1 43 89
1 43 91
1 43 97
1 43 103
1 43 121
1 43 42
1 43 43
1 43 105
1 43 45
1 43 123
1 43 46
1 43 47
1 43 48
1 43 109
1 43 110
1 43 125
1 43 51
1 43 54
1 43 126
1 43 116
1 43 118
1 43 119
1 43 60
1 44 1
1 44 4
1 44 5
1 44 6
1 44 8
1 44 62
1 44 10
1 44 11
1 44 12
1 44 15
1 44 16
1 44 19
1 44 23
1 44 25
1 44 28
1 44 29
1 44 30
1 44 31
1 44 72
1 44 34
1 44 35
1 44 84
1 44 38
1 44 103
1 44 42
1 44 43
1 44 51
1 44 54
1 44 60
1 150 79
1 105 5
1 105 10
1 105 19
1 105 30
1 105 31
1 105 74
1 105 75
1 105 37
1 105 100
1 105 103
1 105 105
1 105 47
1 105 124
1 105 109
1 105 110
1 105 112
1 105 116
1 45 36
1 45 123
1 45 126
1 45 122
1 151 1
1 151 21
1 151 25
1 123 36
1 123 125
1 123 126
1 106 5
1 106 10
1 106 24
1 106 68
1 106 31
1 106 80
1 107 11
1 107 22
1 107 68
1 107 77
1 107 80
1 107 83
1 107 84
1 107 90
1 107 101
1 107 106
1 107 108
1 107 111
1 46 4
1 46 5
1 46 11
1 46 15
1 46 19
1 46 28
1 46 30
1 46 31
1 46 43
1 46 57
1 46 58
1 46 117
1 46 119
1 47 5
1 47 10
1 47 30
1 47 31
1 47 103
1 47 105
1 47 109
1 47 110
1 47 116
1 108 4
1 108 5
1 108 62
1 108 63
1 108 11
1 108 65
1 108 19
1 108 21
1 108 22
1 108 24
1 108 26
1 108 30
1 108 31
1 108 72
1 108 34
1 108 35
1 108 81
1 108 84
1 108 38
1 108 39
1 108 101
1 108 130
1 108 102
1 108 107
1 152 57
1 153 1
1 153 3
1 153 4
1 153 5
1 153 11
1 153 65
1 153 15
1 153 19
1 153 28
1 153 30
1 153 31
1 153 76
1 153 34
1 153 38
1 153 42
1 153 43
1 153 46
1 153 115
1 153 57
1 153 58
1 153 117
1 48 13
1 48 73
1 48 45
1 48 49
1 48 113
1 48 54
1 154 15
1 124 19
1 109 5
1 109 30
1 109 31
1 109 103
1 109 105
1 109 47
1 109 110
1 109 112
1 109 116
1 155 19
1 155 28
1 155 105
1 155 124
1 110 10
1 110 19
1 110 105
1 110 47
1 110 109
1 156 31
1 156 109
1 111 11
1 111 24
1 111 35
1 111 90
1 111 101
1 111 107
1 49 4
1 49 12
1 49 14
1 49 17
1 49 20
1 49 24
1 49 25
1 49 48
1 49 113
1 49 54
1 157 12
1 157 25
1 157 27
1 157 31
1 157 34
1 157 49
1 157 52
1 157 115
1 157 54
1 157 57
1 157 118
1 157 132
1 157 60
1 112 75
1 125 123
1 125 126
1 50 4
1 50 6
1 50 8
1 50 44
1 127 7
1 158 10
1 158 20
1 158 68
1 158 92
1 158 40
1 158 103
1 158 110
1 159 4
1 159 28
1 159 43
1 159 123
1 160 31
1 113 1
1 113 5
1 113 10
1 113 17
1 113 66
1 113 81
1 113 94
1 113 96
1 113 46
1 113 48
1 113 49
1 113 54
1 113 60
1 114 4
1 114 5
1 114 62
1 114 65
1 114 15
1 114 19
1 114 26
1 114 27
1 114 80
1 114 81
1 114 89
1 51 4
1 51 10
1 51 30
1 51 82
1 51 36
1 51 97
1 51 121
1 51 43
1 51 45
1 51 123
1 51 46
1 161 65
1 161 43
1 161 123
1 161 126
1 162 4
1 162 19
1 162 123
1 162 129
1 162 126
1 52 12
1 53 10
1 53 56
1 54 1
1 54 19
1 54 66
1 54 43
1 54 48
1 54 49
1 54 119
1 143 4
1 143 97
1 143 122
1 163 10
1 163 19
1 163 30
1 163 31
1 163 47
1 163 109
1 163 112
1 163 116
1 164 42
1 165 1
1 165 30
1 165 79
1 165 119
1 126 30
1 126 43
1 166 4
1 166 5
1 166 10
1 166 15
1 166 19
1 166 26
1 166 30
1 166 120
1 166 77
1 166 46
1 166 115
1 166 119
1 57 115
1 167 3
1 167 14
1 167 65
1 167 17
1 167 66
1 167 82
1 167 43
1 167 49
1 167 113
1 167 54
1 58 4
1 58 6
1 58 8
1 58 10
1 58 76
1 58 46
1 58 115
1 58 57
1 58 117
1 168 6
1 168 7
1 169 31
1 169 47
1 169 109
1 169 110
1 169 116
1 116 30
1 116 109
1 170 89
1 117 58
1 59 10
1 59 130
1 171 73
1 172 10
1 173 30
1 174 113
1 118 5
1 118 19
1 118 73
1 118 117
1 175 116
1 132 12
1 176 50
1 177 47
1 177 119
1 178 18
1 178 25
1 179 76
2 1 2
2 1 1
2 1 6
2 1 7
2 1 9
2 1 13
2 1 18
2 1 21
2 1 23
2 1 24
2 1 66
2 1 25
2 1 26
2 1 29
2 1 31
2 1 86
2 1 88
2 1 42
2 1 43
2 1 50
2 1 51
2 1 53
2 1 56
2 3 6
2 3 8
2 3 9
2 3 63
2 3 10
2 3 11
2 3 15
2 3 22
2 3 23
2 3 28
2 3 30
2 3 72
2 3 33
2 3 77
2 3 35
2 3 80
2 3 85
2 3 89
2 3 91
2 3 39
2 3 93
2 3 43
2 4 3
2 4 6
2 4 8
2 4 9
2 4 62
2 4 10
2 4 11
2 4 65
2 4 15
2 4 18
2 4 19
2 4 22
2 4 25
2 4 26
2 4 27
2 4 28
2 4 30
2 4 69
2 4 71
2 4 72
2 4 32
2 4 33
2 4 34
2 4 77
2 4 35
2 4 80
2 4 85
2 4 89
2 4 91
2 4 92
2 4 39
2 4 93
2 4 101
2 4 46
2 4 47
2 4 48
2 4 53
2 4 59
2 4 118
2 4 119
2 61 21
2 61 31
2 61 40
2 61 98
2 61 104
2 61 113
2 61 54
2 61 116
2 61 119
2 61 131
2 5 61
2 5 18
2 5 89
2 5 124
2 6 19
2 6 23
2 6 25
2 6 69
2 6 79
2 6 124
2 7 25
2 7 127
2 8 7
2 8 19
2 8 23
2 8 69
2 8 79
2 8 124
2 9 7
2 62 4
2 62 5
2 62 6
2 62 7
2 62 8
2 62 63
2 62 10
2 62 11
2 62 12
2 62 17
2 62 18
2 62 19
2 62 20
2 62 21
2 62 24
2 62 25
2 62 26
2 62 27
2 62 68
2 62 30
2 62 31
2 62 76
2 62 34
2 62 77
2 62 35
2 62 80
2 62 38
2 62 39
2 62 130
2 62 107
2 62 46
2 62 48
2 62 49
2 62 113
2 62 114
2 62 54
2 128 17
2 128 97
2 128 121
2 128 113
2 128 118
2 128 131
2 63 4
2 63 10
2 63 15
2 63 24
2 63 27
2 63 101
2 63 130
2 63 106
2 10 3
2 10 4
2 10 61
2 10 6
2 10 7
2 10 8
2 10 9
2 10 62
2 10 63
2 10 11
2 10 64
2 10 12
2 10 13
2 10 65
2 10 15
2 10 17
2 10 18
2 10 19
2 10 20
2 10 21
2 10 22
2 10 23
2 10 24
2 10 66
2 10 25
2 10 26
2 10 28
2 10 29
2 10 68
2 10 30
2 10 31
2 10 70
2 10 72
2 10 73
2 10 32
2 10 76
2 10 34
2 10 77
2 10 35
2 10 80
2 10 84
2 10 85
2 10 36
2 10 86
2 10 88
2 10 89
2 10 90
2 10 91
2 10 39
2 10 93
2 10 95
2 10 96
2 10 99
2 10 101
2 10 103
2 10 121
2 10 104
2 10 43
2 10 123
2 10 106
2 10 107
2 10 46
2 10 48
2 10 124
2 10 111
2 10 49
2 10 50
2 10 113
2 10 114
2 10 51
2 10 53
2 10 115
2 10 54
2 10 57
2 10 58
2 10 116
2 10 117
2 10 59
2 10 118
2 10 131
2 11 3
2 11 4
2 11 6
2 11 7
2 11 8
2 11 9
2 11 62
2 11 63
2 11 10
2 11 14
2 11 65
2 11 15
2 11 17
2 11 18
2 11 19
2 11 22
2 11 23
2 11 24
2 11 25
2 11 26
2 11 27
2 11 28
2 11 29
2 11 68
2 11 30
2 11 69
2 11 71
2 11 72
2 11 120
2 11 32
2 11 76
2 11 33
2 11 34
2 11 77
2 11 35
2 11 80
2 11 83
2 11 84
2 11 85
2 11 87
2 11 88
2 11 38
2 11 89
2 11 90
2 11 91
2 11 92
2 11 39
2 11 93
2 11 95
2 11 101
2 11 130
2 11 121
2 11 43
2 11 106
2 11 107
2 11 108
2 11 48
2 11 110
2 11 111
2 11 49
2 11 113
2 11 114
2 11 51
2 11 53
2 11 131
2 12 25
2 12 43
2 12 44
2 12 49
2 12 132
2 13 1
2 13 18
2 13 25
2 13 29
2 13 32
2 13 55
2 14 2
2 14 20
2 65 63
2 65 10
2 65 11
2 65 18
2 65 21
2 65 27
2 65 30
2 65 34
2 65 47
2 15 3
2 15 4
2 15 5
2 15 6
2 15 8
2 15 9
2 15 63
2 15 10
2 15 11
2 15 17
2 15 18
2 15 19
2 15 21
2 15 22
2 15 66
2 15 25
2 15 26
2 15 28
2 15 30
2 15 31
2 15 69
2 15 72
2 15 33
2 15 77
2 15 35
2 15 80
2 15 85
2 15 88
2 15 38
2 15 89
2 15 91
2 15 39
2 15 93
2 15 130
2 15 106
2 15 113
2 15 114
2 15 118
2 16 6
2 16 7
2 16 8
2 16 9
2 16 23
2 16 25
2 134 83
2 17 119
2 17 131
2 18 6
2 18 7
2 18 20
2 18 21
2 18 25
2 18 51
2 18 54
2 18 117
2 19 1
2 19 3
2 19 4
2 19 5
2 19 6
2 19 7
2 19 62
2 19 63
2 19 10
2 19 11
2 19 65
2 19 15
2 19 17
2 19 18
2 19 20
2 19 21
2 19 22
2 19 66
2 19 25
2 19 26
2 19 27
2 19 29
2 19 30
2 19 72
2 19 120
2 19 34
2 19 77
2 19 79
2 19 35
2 19 80
2 19 85
2 19 91
2 19 93
2 19 101
2 19 130
2 19 42
2 19 48
2 19 124
2 19 110
2 19 49
2 19 113
2 19 114
2 19 54
2 19 57
2 19 118
2 19 119
2 20 2
2 21 23
2 22 4
2 22 62
2 22 10
2 22 11
2 22 65
2 22 15
2 22 19
2 22 24
2 22 30
2 22 72
2 22 77
2 22 80
2 22 84
2 22 90
2 22 91
2 22 39
2 22 93
2 22 101
2 22 107
2 22 108
2 22 131
2 23 6
2 23 8
2 24 68
2 24 83
2 24 90
2 24 130
2 24 106
2 24 107
2 24 111
2 66 2
2 66 17
2 66 20
2 66 94
2 66 48
2 66 49
2 66 113
2 66 54
2 66 131
2 25 6
2 25 7
2 25 10
2 25 18
2 25 20
2 25 21
2 25 32
2 25 44
2 25 50
2 25 54
2 25 131
2 26 4
2 26 6
2 26 8
2 26 9
2 26 10
2 26 11
2 26 64
2 26 15
2 26 19
2 26 22
2 26 23
2 26 28
2 26 71
2 26 72
2 26 120
2 26 33
2 26 77
2 26 35
2 26 80
2 26 89
2 26 91
2 26 39
2 26 113
2 26 54
2 27 4
2 27 62
2 27 63
2 27 11
2 27 26
2 28 3
2 28 4
2 28 6
2 28 7
2 28 10
2 28 11
2 28 15
2 28 19
2 28 21
2 28 25
2 28 30
2 28 35
2 28 102
2 28 131
2 29 2
2 29 6
2 29 9
2 29 18
2 29 21
2 29 79
2 29 50
2 29 132
2 67 83
2 67 94
2 67 130
2 67 111
2 67 49
2 67 113
2 68 90
2 137 2
2 137 5
2 137 14
2 137 66
2 137 32
2 137 121
2 137 42
2 137 45
2 137 48
2 137 113
2 137 54
2 137 118
2 137 131
2 30 1
2 30 4
2 30 5
2 30 6
2 30 7
2 30 8
2 30 62
2 30 63
2 30 10
2 30 11
2 30 12
2 30 65
2 30 15
2 30 16
2 30 17
2 30 18
2 30 19
2 30 21
2 30 23
2 30 24
2 30 25
2 30 26
2 30 28
2 30 31
2 30 34
2 30 35
2 30 84
2 30 89
2 30 43
2 30 105
2 30 45
2 30 48
2 30 109
2 30 49
2 30 114
2 30 54
2 31 5
2 31 6
2 31 7
2 31 8
2 31 13
2 31 18
2 31 19
2 31 21
2 31 66
2 31 25
2 31 86
2 31 103
2 31 42
2 31 105
2 31 48
2 31 124
2 31 109
2 31 110
2 31 113
2 31 54
2 31 116
2 31 59
2 139 18
2 139 25
2 139 50
2 70 6
2 70 9
2 70 86
2 70 98
2 70 43
2 70 51
2 71 69
2 71 33
2 71 87
2 71 92
2 71 95
2 72 10
2 72 15
2 72 26
2 72 69
2 72 35
2 72 80
2 72 91
2 73 32
2 74 104
2 74 124
2 75 64
2 75 37
2 33 71
2 33 87
2 33 92
2 33 93
2 33 95
2 34 4
2 34 17
2 34 25
2 34 67
2 34 35
2 34 113
2 77 62
2 77 10
2 77 11
2 77 15
2 77 22
2 77 26
2 77 27
2 77 33
2 77 80
2 77 85
2 77 91
2 77 39
2 141 110
2 142 124
2 78 74
2 35 4
2 35 10
2 35 15
2 35 19
2 35 69
2 35 72
2 35 34
2 35 91
2 35 95
2 80 15
2 80 22
2 80 72
2 80 77
2 80 91
2 80 39
2 80 93
2 80 95
2 82 97
2 82 45
2 82 143
2 84 10
2 84 11
2 84 22
2 84 24
2 84 26
2 84 68
2 84 30
2 84 77
2 84 39
2 84 101
2 84 108
2 85 4
2 85 10
2 85 11
2 85 15
2 85 19
2 86 64
2 86 31
2 86 112
2 88 73
2 88 58
2 38 4
2 38 11
2 89 10
2 89 26
2 89 28
2 89 30
2 89 120
2 89 85
2 89 118
2 91 10
2 91 11
2 91 15
2 91 26
2 91 30
2 91 72
2 91 35
2 91 80
2 92 71
2 92 87
2 92 95
2 39 3
2 39 11
2 39 15
2 39 22
2 39 24
2 39 71
2 39 72
2 39 33
2 39 77
2 39 35
2 39 80
2 39 90
2 39 91
2 39 92
2 39 93
2 39 95
2 39 106
2 39 107
2 39 108
2 93 3
2 93 11
2 93 15
2 93 69
2 93 71
2 93 72
2 93 33
2 93 87
2 97 45
2 146 10
2 146 66
2 146 87
2 99 98
2 101 24
2 101 84
2 101 108
2 41 56
2 42 1
2 42 6
2 42 7
2 42 8
2 42 9
2 42 64
2 42 13
2 42 18
2 42 20
2 42 21
2 42 23
2 42 25
2 42 29
2 42 31
2 42 86
2 42 99
2 42 41
2 42 103
2 42 104
2 42 44
2 42 48
2 42 124
2 42 49
2 42 53
2 42 55
2 42 56
2 42 59
2 149 61
2 149 98
2 104 124
2 104 116
2 104 118
2 104 119
2 43 36
2 43 97
2 43 45
2 43 123
2 43 46
2 43 125
2 43 51
2 43 126
2 151 21
2 151 23
2 151 86
2 151 40
2 151 43
2 123 126
2 107 106
2 108 22
2 108 24
2 108 26
2 108 34
2 108 84
2 108 101
2 48 54
2 109 105
2 155 124
2 155 119
2 49 113
2 125 126
2 160 119
2 165 66
2 165 48
2 165 131
2 167 20
2 167 66
2 167 49
2 167 113
2 167 54
2 171 46
2 179 76
