33 538 538
1 1 2
1 2 1
3 3 4
3 3 5
3 4 3
3 5 6
3 6 3
22 7 8
22 8 7
26 9 10
26 9 11
26 12 13
26 12 11
26 14 15
26 16 15
26 16 13
26 16 17
26 16 18
26 16 19
26 16 20
26 15 14
26 15 16
26 15 21
26 13 12
26 13 16
26 13 22
26 17 16
26 17 18
26 17 23
26 21 15
26 21 20
26 18 16
26 18 17
26 10 9
26 22 13
26 23 17
26 23 19
26 19 16
26 19 23
26 20 16
26 20 21
26 11 9
26 11 12
27 24 25
27 24 26
27 25 24
27 25 27
27 28 29
27 30 26
27 30 31
27 32 31
27 33 34
27 35 27
27 35 36
27 35 37
27 35 38
27 27 25
27 27 35
27 27 39
27 26 24
27 26 30
27 40 41
27 40 34
27 36 35
27 36 37
27 36 42
27 41 40
27 41 29
27 34 33
27 34 40
27 31 30
27 31 32
27 29 28
27 29 41
27 37 35
27 37 36
27 42 36
27 39 27
27 39 38
27 38 35
27 38 39
30 43 44
30 45 46
30 46 43
30 46 45
30 46 44
30 44 46
30 44 47
30 48 44
30 48 49
30 48 47
30 49 48
30 47 44
30 47 48
31 50 51
31 51 50
31 51 52
31 51 53
31 54 52
31 52 51
31 52 54
31 53 51
35 55 56
35 55 57
35 56 55
35 56 58
35 56 59
35 56 60
35 56 61
35 56 62
35 56 57
35 56 63
35 56 64
35 56 65
35 58 56
35 59 56
35 60 56
35 61 56
35 61 66
35 62 56
35 57 55
35 57 56
35 66 56
35 63 55
35 63 56
35 64 56
35 65 56
40 67 68
40 67 69
40 67 70
40 67 71
40 67 72
40 67 65
40 73 74
40 73 68
40 75 68
40 76 77
40 76 74
40 76 64
40 78 68
40 78 70
40 78 72
40 79 68
40 80 74
40 80 68
40 81 70
40 82 83
40 82 68
40 77 76
40 77 74
40 77 83
40 77 68
40 77 84
40 77 64
40 74 73
40 74 76
40 74 80
40 74 77
40 74 83
40 74 68
40 74 85
40 74 84
40 74 86
40 74 69
40 74 87
40 74 64
40 74 72
40 74 88
40 74 65
40 83 82
40 83 77
40 83 74
40 83 68
40 83 84
40 83 86
40 83 69
40 83 70
40 83 72
40 83 65
40 68 67
40 68 73
40 68 75
40 68 78
40 68 79
40 68 80
40 68 82
40 68 77
40 68 74
40 68 83
40 68 89
40 68 90
40 68 84
40 68 91
40 68 92
40 68 86
40 68 66
40 68 69
40 68 93
40 68 94
40 68 70
40 68 64
40 68 95
40 68 96
40 68 97
40 68 98
40 68 99
40 68 100
40 68 101
40 68 102
40 68 103
40 68 104
40 68 105
40 68 106
40 68 65
40 68 107
40 89 68
40 90 68
40 90 70
40 85 74
40 85 84
40 85 69
40 85 64
40 84 77
40 84 74
40 84 83
40 84 68
40 84 85
40 84 91
40 84 94
40 84 108
40 84 64
40 84 109
40 84 88
40 91 68
40 91 84
40 91 64
40 92 68
40 92 69
40 92 70
40 86 74
40 86 83
40 86 68
40 86 70
40 86 64
40 66 68
40 69 67
40 69 74
40 69 83
40 69 68
40 69 85
40 69 92
40 69 64
40 93 68
40 94 68
40 94 84
40 94 64
40 94 72
40 87 74
40 70 67
40 70 78
40 70 81
40 70 83
40 70 68
40 70 90
40 70 92
40 70 86
40 70 64
40 108 84
40 64 76
40 64 77
40 64 74
40 64 68
40 64 85
40 64 84
40 64 91
40 64 86
40 64 69
40 64 94
40 64 70
40 64 72
40 64 65
40 95 68
40 96 68
40 71 67
40 109 84
40 109 88
40 97 68
40 72 67
40 72 78
40 72 74
40 72 83
40 72 94
40 72 64
40 98 68
40 88 74
40 88 84
40 88 109
40 88 110
40 99 68
40 100 68
40 110 88
40 101 68
40 102 68
40 103 68
40 104 68
40 105 68
40 106 68
40 65 67
40 65 74
40 65 83
40 65 68
40 65 64
40 107 68
41 111 112
50 113 114
50 113 23
50 113 115
50 114 113
50 23 113
50 115 113
55 116 2
55 116 117
55 118 76
55 118 84
55 118 117
55 119 68
55 119 117
55 120 117
55 76 118
55 76 121
55 76 122
55 76 123
55 76 124
55 76 125
55 76 126
55 76 127
55 76 128
55 76 129
55 76 130
55 76 131
55 76 132
55 76 133
55 76 134
55 76 135
55 76 136
55 76 137
55 76 84
55 76 138
55 76 139
55 76 140
55 76 141
55 76 108
55 76 142
55 76 143
55 76 144
55 76 145
55 76 146
55 76 147
55 76 148
55 76 149
55 76 150
55 151 2
55 151 117
55 121 76
55 121 84
55 122 76
55 122 84
55 123 76
55 123 135
55 123 84
55 123 91
55 123 108
55 123 152
55 123 153
55 123 88
55 154 117
55 155 117
55 156 135
55 156 84
55 124 76
55 124 84
55 157 2
55 157 117
55 125 76
55 125 84
55 125 2
55 125 117
55 158 84
55 126 76
55 126 84
55 127 76
55 127 84
55 127 117
55 159 84
55 159 2
55 159 117
55 160 117
55 128 76
55 128 135
55 128 84
55 128 91
55 128 108
55 128 153
55 129 76
55 129 84
55 129 117
55 161 135
55 161 84
55 162 84
55 68 119
55 68 133
55 68 163
55 68 164
55 68 165
55 68 96
55 68 166
55 130 76
55 130 84
55 130 117
55 167 168
55 167 2
55 167 117
55 169 135
55 131 76
55 131 84
55 131 117
55 170 84
55 132 76
55 132 84
55 133 76
55 133 68
55 133 84
55 133 2
55 133 117
55 171 2
55 171 117
55 163 68
55 163 168
55 163 2
55 163 117
55 134 76
55 134 84
55 172 117
55 173 117
55 135 76
55 135 123
55 135 156
55 135 128
55 135 161
55 135 169
55 135 84
55 135 174
55 164 68
55 164 2
55 164 117
55 90 168
55 90 2
55 90 117
55 136 76
55 136 84
55 137 76
55 137 84
55 175 117
55 84 118
55 84 76
55 84 121
55 84 122
55 84 123
55 84 156
55 84 124
55 84 125
55 84 158
55 84 126
55 84 127
55 84 159
55 84 128
55 84 129
55 84 161
55 84 162
55 84 130
55 84 131
55 84 170
55 84 132
55 84 133
55 84 134
55 84 135
55 84 136
55 84 137
55 84 176
55 84 177
55 84 178
55 84 138
55 84 139
55 84 179
55 84 140
55 84 96
55 84 142
55 84 143
55 84 145
55 84 146
55 84 180
55 84 148
55 84 174
55 84 149
55 84 181
55 84 182
55 84 183
55 91 123
55 91 128
55 91 178
55 184 117
55 165 68
55 165 168
55 165 2
55 165 117
55 176 84
55 185 2
55 185 117
55 177 84
55 178 84
55 178 91
55 138 76
55 138 84
55 138 2
55 138 117
55 139 76
55 139 84
55 179 84
55 140 76
55 140 84
55 141 76
55 141 108
55 108 76
55 108 123
55 108 128
55 108 141
55 152 123
55 186 117
55 96 68
55 96 84
55 96 168
55 96 2
55 96 117
55 168 167
55 168 163
55 168 90
55 168 165
55 168 96
55 168 142
55 168 146
55 168 148
55 168 187
55 168 188
55 168 166
55 189 117
55 142 76
55 142 84
55 142 168
55 142 2
55 2 116
55 2 151
55 2 157
55 2 125
55 2 159
55 2 167
55 2 133
55 2 171
55 2 163
55 2 164
55 2 90
55 2 165
55 2 185
55 2 138
55 2 96
55 2 142
55 2 146
55 2 190
55 2 148
55 2 149
55 2 188
55 2 191
55 2 166
55 2 192
55 143 76
55 143 84
55 153 123
55 153 128
55 144 76
55 145 76
55 145 84
55 146 76
55 146 84
55 146 168
55 146 2
55 146 117
55 180 84
55 190 2
55 190 117
55 147 76
55 88 123
55 148 76
55 148 84
55 148 168
55 148 2
55 148 117
55 174 135
55 174 84
55 117 116
55 117 118
55 117 119
55 117 120
55 117 151
55 117 154
55 117 155
55 117 157
55 117 125
55 117 127
55 117 159
55 117 160
55 117 129
55 117 130
55 117 167
55 117 131
55 117 133
55 117 171
55 117 163
55 117 172
55 117 173
55 117 164
55 117 90
55 117 175
55 117 184
55 117 165
55 117 185
55 117 138
55 117 186
55 117 96
55 117 189
55 117 146
55 117 190
55 117 148
55 117 149
55 117 188
55 117 191
55 117 166
55 117 183
55 117 192
55 149 76
55 149 84
55 149 2
55 149 117
55 181 84
55 182 84
55 187 168
55 150 76
55 188 168
55 188 2
55 188 117
55 191 2
55 191 117
55 166 68
55 166 168
55 166 2
55 166 117
55 183 84
55 183 117
55 192 2
55 192 117
60 193 194
60 193 195
60 193 196
60 197 198
60 197 199
60 200 201
60 200 202
60 200 203
60 204 198
60 204 205
60 204 199
60 198 197
60 198 204
60 198 206
60 201 200
60 201 207
60 201 199
60 206 204
60 206 198
60 206 208
60 206 207
60 206 199
60 209 199
60 209 203
60 208 206
60 208 207
60 208 199
60 210 207
60 210 199
60 211 212
60 211 213
60 211 214
60 215 213
60 215 214
60 216 217
60 216 218
60 212 211
60 212 205
60 217 216
60 217 218
60 213 211
60 213 215
60 219 204
60 194 217
60 194 218
60 194 195
60 194 199
60 194 196
60 214 206
60 214 211
60 214 215
60 214 205
60 214 199
60 218 193
60 218 216
60 218 194
60 218 195
60 218 199
60 218 196
60 207 201
60 207 206
60 207 208
60 207 210
60 207 214
60 207 199
60 195 194
60 195 196
60 205 212
60 205 199
60 199 197
60 199 204
60 199 201
60 199 206
60 199 209
60 199 208
60 199 210
60 199 219
60 199 194
60 199 214
60 199 218
60 199 207
60 199 202
60 199 203
60 199 196
60 202 200
60 202 199
60 203 200
60 203 209
60 203 199
60 196 193
60 196 194
60 196 218
60 196 195
60 196 199
67 220 221
67 220 222
67 220 223
67 220 224
67 221 222
67 221 225
67 222 220
67 222 221
67 222 225
67 226 225
67 223 220
67 223 227
67 223 224
67 227 223
67 227 224
67 225 220
67 225 221
67 225 226
67 224 220
67 224 221
71 24 25
71 24 29
71 24 115
71 25 24
71 25 29
71 228 114
71 228 229
71 230 29
71 230 115
71 28 29
71 33 40
71 114 228
71 231 230
71 232 229
71 40 33
71 40 34
71 34 40
71 34 29
71 23 229
71 23 37
71 229 228
71 229 232
71 229 23
71 229 29
71 229 37
71 229 233
71 29 24
71 29 25
71 29 230
71 29 28
71 29 34
71 29 229
71 29 115
71 29 233
71 115 24
71 115 230
71 115 231
71 115 29
71 37 23
71 37 229
71 233 229
71 233 29
73 234 235
73 235 234
77 236 45
77 237 238
77 239 238
77 238 236
77 238 239
77 238 240
77 240 237
79 241 242
79 241 243
79 241 244
79 241 245
79 242 241
79 243 241
79 243 244
79 246 247
79 246 248
79 244 241
79 244 243
79 247 246
79 247 245
79 247 249
79 250 251
79 248 246
79 248 252
79 252 248
79 245 241
79 245 247
79 251 250
79 249 247
81 253 254
81 255 256
81 257 258
81 257 259
81 257 260
81 257 261
81 257 254
81 257 256
81 257 262
81 257 263
81 258 257
81 258 264
81 258 265
81 258 266
81 258 260
81 258 267
81 258 268
81 258 256
81 264 258
81 264 265
81 265 258
81 265 264
81 265 266
81 265 260
81 265 256
81 259 257
81 259 262
81 266 258
81 266 265
81 260 257
81 260 265
81 260 256
81 269 270
81 269 271
81 269 262
81 270 269
81 271 269
81 271 262
81 267 258
81 267 272
81 261 257
81 261 256
81 268 258
81 268 273
81 254 253
81 254 257
81 273 268
81 256 255
81 256 257
81 256 258
81 256 265
81 256 260
81 256 261
81 256 262
81 262 257
81 262 259
81 262 269
81 262 271
81 262 256
81 272 267
81 263 257
85 274 275
85 275 274
89 82 276
89 82 277
89 276 82
89 277 82
89 277 278
89 279 278
89 278 277
89 278 279
92 66 280
92 280 66
97 45 281
97 45 282
97 45 283
97 45 284
97 45 285
97 281 45
97 282 45
97 283 45
97 284 45
97 285 45
105 286 287
105 288 289
105 288 287
105 290 291
105 292 289
105 292 287
105 293 290
105 293 287
105 293 294
105 93 287
105 295 287
105 296 295
105 289 292
105 289 287
105 297 291
105 287 286
105 287 288
105 287 290
105 287 292
105 287 293
105 287 93
105 287 296
105 287 289
105 287 298
105 287 294
105 287 299
105 287 291
105 298 295
105 298 287
105 294 293
105 294 287
105 299 287
105 291 297
105 291 287
108 300 301
108 300 214
108 302 214
108 302 303
108 304 305
108 306 301
108 306 218
108 306 199
108 307 308
108 309 310
108 310 309
108 310 303
108 310 311
108 305 304
108 305 312
108 301 300
108 301 306
108 301 312
108 214 300
108 214 302
108 214 22
108 214 312
108 214 199
108 218 306
108 218 312
108 218 199
108 303 302
108 303 310
108 303 22
108 303 311
108 22 303
108 22 308
108 312 304
108 312 305
108 312 301
108 312 218
108 199 306
108 199 214
108 199 218
108 311 310
108 311 303
108 308 307
108 308 214
108 308 22
110 313 314
110 315 316
110 286 314
110 317 286
110 318 314
110 318 101
110 319 314
110 316 314
110 320 314
110 314 315
110 314 286
110 314 317
110 314 318
110 314 321
110 314 322
110 314 323
110 314 324
110 97 286
110 322 314
110 323 313
110 324 319
110 101 318
113 325 326
113 325 327
113 328 329
113 330 14
113 330 327
113 330 23
113 14 330
113 14 331
113 14 332
113 14 23
113 14 333
113 326 325
113 326 334
113 335 336
113 335 337
113 335 329
113 232 338
113 232 329
113 232 229
113 232 37
113 339 327
113 339 332
113 339 329
113 336 335
113 336 340
113 336 329
113 327 325
113 327 330
113 327 339
113 327 329
113 338 232
113 338 23
113 337 335
113 337 341
113 331 14
113 331 332
113 340 336
113 340 329
113 332 14
113 332 339
113 332 331
113 23 330
113 23 14
113 23 338
113 23 333
113 333 14
113 333 23
113 329 328
113 329 335
113 329 232
113 329 339
113 329 327
113 329 340
113 341 337
113 341 334
113 229 232
113 229 37
113 334 326
113 334 341
113 37 232
113 37 229
114 237 342
114 237 343
114 237 344
114 342 237
114 342 344
114 345 346
114 343 237
114 343 347
114 343 346
114 347 343
114 347 344
114 346 345
114 346 343
114 344 237
114 344 342
114 344 347
114 344 49
114 49 344
120 78 348
120 349 348
120 350 351
120 350 348
120 59 348
120 52 348
120 70 348
120 302 348
120 114 310
120 114 23
120 114 115
120 310 114
120 310 352
120 310 351
120 310 348
120 338 348
120 353 348
120 352 310
120 214 348
120 303 348
120 351 350
120 351 348
120 351 23
120 22 348
120 348 78
120 348 349
120 348 350
120 348 59
120 348 52
120 348 70
120 348 302
120 348 310
120 348 338
120 348 353
120 348 214
120 348 303
120 348 351
120 348 22
120 348 23
120 23 114
120 23 351
120 23 348
120 115 114
121 354 355
121 356 357
121 356 358
121 356 359
121 356 360
121 361 362
121 361 363
121 361 364
121 365 366
121 357 356
121 355 354
121 355 367
121 355 368
121 358 356
121 366 369
121 366 365
121 366 370
121 362 361
121 363 361
121 371 356
121 367 355
121 372 373
121 373 374
121 359 371
121 374 356
121 368 355
121 375 356
121 364 361
122 376 74
122 377 74
122 377 91
122 377 64
122 378 74
122 379 74
122 380 74
122 381 64
122 382 74
122 7 60
122 7 63
122 7 102
122 383 64
122 384 74
122 384 91
122 73 74
122 73 86
122 73 63
122 73 64
122 75 63
122 385 74
122 385 60
122 385 91
122 385 64
122 386 64
122 387 60
122 387 63
122 388 74
122 388 63
122 388 64
122 389 60
122 389 63
122 390 74
122 390 63
122 391 74
122 155 74
122 155 64
122 392 393
122 392 74
122 392 60
122 392 91
122 392 86
122 392 63
122 392 64
122 78 74
122 78 60
122 78 91
122 78 63
122 78 64
122 78 109
122 78 245
122 394 74
122 395 74
122 396 74
122 397 64
122 398 109
122 398 245
122 80 74
122 80 60
122 80 63
122 80 64
122 220 74
122 220 63
122 399 74
122 157 74
122 157 64
122 400 64
122 401 74
122 401 63
122 125 74
122 125 64
122 402 74
122 402 60
122 402 86
122 402 63
122 402 64
122 403 74
122 50 74
122 50 86
122 50 63
122 50 64
122 404 74
122 404 60
122 404 86
122 404 63
122 404 64
122 405 74
122 405 64
122 158 74
122 406 74
122 406 64
122 407 74
122 81 86
122 408 74
122 82 74
122 82 60
122 82 63
122 82 64
122 409 63
122 410 74
122 411 74
122 411 60
122 411 63
122 411 64
122 412 64
122 276 74
122 276 64
122 413 74
122 413 64
122 414 64
122 393 392
122 393 74
122 393 60
122 393 91
122 393 63
122 393 64
122 393 109
122 393 415
122 393 416
122 77 74
122 77 91
122 77 63
122 77 64
122 77 245
122 74 376
122 74 377
122 74 378
122 74 379
122 74 380
122 74 382
122 74 384
122 74 73
122 74 385
122 74 388
122 74 390
122 74 391
122 74 155
122 74 392
122 74 78
122 74 394
122 74 395
122 74 396
122 74 80
122 74 220
122 74 399
122 74 157
122 74 401
122 74 125
122 74 402
122 74 403
122 74 50
122 74 404
122 74 405
122 74 158
122 74 406
122 74 407
122 74 408
122 74 82
122 74 410
122 74 411
122 74 276
122 74 413
122 74 393
122 74 77
122 74 417
122 74 159
122 74 83
122 74 418
122 74 419
122 74 420
122 74 350
122 74 129
122 74 161
122 74 68
122 74 130
122 74 421
122 74 167
122 74 422
122 74 423
122 74 424
122 74 170
122 74 1
122 74 132
122 74 425
122 74 133
122 74 171
122 74 163
122 74 89
122 74 426
122 74 427
122 74 135
122 74 428
122 74 429
122 74 59
122 74 85
122 74 136
122 74 430
122 74 431
122 74 432
122 74 433
122 74 60
122 74 434
122 74 84
122 74 435
122 74 91
122 74 436
122 74 437
122 74 165
122 74 438
122 74 86
122 74 293
122 74 439
122 74 176
122 74 440
122 74 66
122 74 441
122 74 69
122 74 442
122 74 443
122 74 177
122 74 444
122 74 445
122 74 63
122 74 446
122 74 138
122 74 447
122 74 448
122 74 449
122 74 450
122 74 94
122 74 87
122 74 141
122 74 451
122 74 452
122 74 453
122 74 152
122 74 454
122 74 455
122 74 456
122 74 64
122 74 457
122 74 458
122 74 71
122 74 109
122 74 459
122 74 460
122 74 142
122 74 461
122 74 462
122 74 463
122 74 153
122 74 97
122 74 464
122 74 465
122 74 145
122 74 415
122 74 466
122 74 180
122 74 467
122 74 72
122 74 468
122 74 98
122 74 88
122 74 469
122 74 470
122 74 471
122 74 245
122 74 472
122 74 149
122 74 181
122 74 473
122 74 110
122 74 101
122 74 474
122 74 102
122 74 475
122 74 476
122 74 477
122 74 478
122 74 187
122 74 479
122 74 416
122 74 480
122 74 65
122 74 481
122 74 482
122 74 483
122 74 484
122 74 485
122 74 166
122 74 279
122 74 486
122 74 183
122 74 23
122 74 239
122 74 240
122 74 487
122 74 488
122 489 102
122 417 74
122 159 74
122 159 64
122 83 74
122 83 86
122 83 63
122 83 64
122 83 23
122 418 74
122 418 60
122 418 91
122 418 63
122 418 64
122 490 102
122 491 63
122 419 74
122 419 91
122 419 64
122 128 109
122 420 74
122 420 64
122 350 74
122 350 91
122 350 63
122 350 64
122 350 245
122 492 63
122 129 74
122 129 64
122 161 74
122 161 91
122 493 102
122 68 74
122 68 60
122 68 91
122 68 64
122 68 95
122 494 64
122 495 63
122 130 74
122 130 64
122 421 74
122 167 74
122 167 64
122 422 74
122 56 63
122 423 74
122 423 91
122 423 473
122 424 74
122 496 63
122 170 74
122 497 63
122 498 63
122 1 74
122 499 64
122 132 74
122 425 74
122 133 74
122 133 64
122 171 74
122 171 63
122 163 74
122 89 74
122 89 63
122 426 74
122 427 74
122 427 64
122 135 74
122 135 91
122 135 108
122 135 473
122 428 74
122 500 64
122 429 74
122 429 64
122 59 74
122 59 91
122 59 63
122 85 74
122 85 91
122 85 63
122 85 64
122 136 74
122 136 64
122 430 74
122 430 60
122 430 63
122 430 64
122 431 74
122 432 74
122 433 74
122 433 63
122 433 64
122 60 7
122 60 385
122 60 387
122 60 389
122 60 392
122 60 78
122 60 80
122 60 402
122 60 404
122 60 82
122 60 411
122 60 393
122 60 74
122 60 418
122 60 68
122 60 430
122 60 84
122 60 91
122 60 69
122 60 63
122 60 64
122 60 457
122 60 95
122 60 461
122 60 415
122 60 88
122 60 100
122 60 245
122 60 472
122 60 101
122 60 102
122 60 501
122 60 103
122 60 104
122 60 105
122 60 65
122 60 23
122 60 239
122 60 487
122 434 74
122 502 503
122 61 63
122 504 91
122 504 108
122 504 473
122 503 502
122 503 245
122 84 74
122 84 60
122 84 91
122 84 63
122 84 64
122 84 237
122 84 239
122 84 240
122 84 487
122 435 74
122 91 377
122 91 384
122 91 385
122 91 392
122 91 78
122 91 393
122 91 77
122 91 74
122 91 418
122 91 419
122 91 350
122 91 161
122 91 68
122 91 423
122 91 135
122 91 59
122 91 85
122 91 60
122 91 504
122 91 84
122 91 505
122 91 69
122 91 443
122 91 178
122 91 63
122 91 506
122 91 179
122 91 152
122 91 454
122 91 64
122 91 109
122 91 460
122 91 180
122 91 468
122 91 88
122 91 507
122 91 245
122 91 472
122 91 473
122 91 110
122 91 475
122 91 477
122 91 416
122 91 508
122 91 509
122 91 483
122 91 237
122 91 239
122 91 240
122 91 487
122 436 74
122 437 74
122 165 74
122 165 64
122 438 74
122 86 73
122 86 392
122 86 402
122 86 50
122 86 404
122 86 81
122 86 74
122 86 83
122 86 63
122 86 94
122 86 64
122 86 415
122 86 416
122 86 183
122 86 23
122 86 487
122 510 109
122 510 245
122 505 91
122 505 108
122 505 473
122 293 74
122 293 63
122 439 74
122 439 64
122 176 74
122 511 63
122 512 64
122 440 74
122 66 74
122 66 63
122 66 64
122 441 74
122 441 64
122 441 245
122 69 74
122 69 60
122 69 91
122 69 63
122 69 64
122 69 88
122 69 245
122 69 487
122 185 64
122 442 74
122 442 63
122 442 64
122 443 74
122 443 91
122 443 63
122 443 64
122 177 74
122 178 91
122 93 63
122 444 74
122 513 63
122 445 74
122 445 64
122 63 7
122 63 73
122 63 75
122 63 387
122 63 388
122 63 389
122 63 390
122 63 392
122 63 78
122 63 80
122 63 220
122 63 401
122 63 402
122 63 50
122 63 404
122 63 82
122 63 409
122 63 411
122 63 393
122 63 77
122 63 74
122 63 83
122 63 418
122 63 491
122 63 350
122 63 492
122 63 495
122 63 56
122 63 496
122 63 497
122 63 498
122 63 171
122 63 89
122 63 59
122 63 85
122 63 430
122 63 433
122 63 60
122 63 61
122 63 84
122 63 91
122 63 86
122 63 293
122 63 511
122 63 66
122 63 69
122 63 442
122 63 443
122 63 93
122 63 513
122 63 94
122 63 87
122 63 453
122 63 64
122 63 457
122 63 95
122 63 459
122 63 460
122 63 461
122 63 462
122 63 463
122 63 514
122 63 515
122 63 97
122 63 516
122 63 415
122 63 466
122 63 517
122 63 98
122 63 99
122 63 471
122 63 100
122 63 245
122 63 472
122 63 101
122 63 102
122 63 501
122 63 103
122 63 416
122 63 104
122 63 518
122 63 105
122 63 519
122 63 480
122 63 65
122 63 482
122 63 520
122 63 23
122 63 487
122 446 74
122 446 64
122 138 74
122 138 64
122 447 74
122 448 74
122 506 91
122 449 74
122 521 64
122 179 91
122 450 74
122 450 64
122 94 74
122 94 86
122 94 63
122 94 64
122 87 74
122 87 63
122 87 64
122 141 74
122 451 74
122 452 74
122 453 74
122 453 63
122 108 135
122 108 504
122 108 505
122 108 152
122 108 109
122 108 245
122 152 74
122 152 91
122 152 108
122 152 473
122 152 477
122 454 74
122 454 91
122 454 64
122 455 74
122 455 64
122 456 74
122 456 109
122 456 245
122 64 377
122 64 381
122 64 383
122 64 73
122 64 385
122 64 386
122 64 388
122 64 155
122 64 392
122 64 78
122 64 397
122 64 80
122 64 157
122 64 400
122 64 125
122 64 402
122 64 50
122 64 404
122 64 405
122 64 406
122 64 82
122 64 411
122 64 412
122 64 276
122 64 413
122 64 414
122 64 393
122 64 77
122 64 74
122 64 159
122 64 83
122 64 418
122 64 419
122 64 420
122 64 350
122 64 129
122 64 68
122 64 494
122 64 130
122 64 167
122 64 499
122 64 133
122 64 427
122 64 500
122 64 429
122 64 85
122 64 136
122 64 430
122 64 433
122 64 60
122 64 84
122 64 91
122 64 165
122 64 86
122 64 439
122 64 512
122 64 66
122 64 441
122 64 69
122 64 185
122 64 442
122 64 443
122 64 445
122 64 63
122 64 446
122 64 138
122 64 521
122 64 450
122 64 94
122 64 87
122 64 454
122 64 455
122 64 71
122 64 459
122 64 460
122 64 142
122 64 461
122 64 153
122 64 464
122 64 415
122 64 466
122 64 180
122 64 522
122 64 147
122 64 72
122 64 88
122 64 469
122 64 471
122 64 245
122 64 472
122 64 149
122 64 473
122 64 110
122 64 102
122 64 475
122 64 478
122 64 416
122 64 523
122 64 524
122 64 188
122 64 65
122 64 482
122 64 483
122 64 525
122 64 166
122 64 183
122 64 309
122 64 310
122 64 23
122 64 487
122 457 74
122 457 60
122 457 63
122 95 68
122 95 60
122 95 63
122 458 74
122 71 74
122 71 64
122 109 78
122 109 398
122 109 393
122 109 74
122 109 128
122 109 91
122 109 510
122 109 108
122 109 456
122 109 460
122 109 88
122 109 472
122 109 473
122 109 478
122 459 74
122 459 63
122 459 64
122 460 74
122 460 91
122 460 63
122 460 64
122 460 109
122 460 245
122 460 237
122 460 240
122 142 74
122 142 64
122 461 74
122 461 60
122 461 63
122 461 64
122 462 74
122 462 63
122 463 74
122 463 63
122 514 63
122 515 63
122 153 74
122 153 64
122 153 472
122 526 102
122 97 74
122 97 63
122 516 63
122 516 102
122 464 74
122 464 64
122 464 88
122 464 472
122 465 74
122 145 74
122 415 393
122 415 74
122 415 60
122 415 86
122 415 63
122 415 64
122 466 74
122 466 63
122 466 64
122 180 74
122 180 91
122 180 64
122 522 64
122 467 74
122 147 64
122 72 74
122 72 64
122 517 63
122 468 74
122 468 91
122 98 74
122 98 63
122 88 74
122 88 60
122 88 91
122 88 69
122 88 64
122 88 109
122 88 464
122 88 245
122 88 508
122 88 240
122 99 63
122 469 74
122 469 64
122 470 74
122 507 91
122 471 74
122 471 63
122 471 64
122 100 60
122 100 63
122 100 102
122 245 78
122 245 398
122 245 77
122 245 74
122 245 350
122 245 60
122 245 503
122 245 91
122 245 510
122 245 441
122 245 69
122 245 63
122 245 108
122 245 456
122 245 64
122 245 460
122 245 88
122 245 472
122 245 473
122 245 477
122 245 478
122 245 416
122 245 239
122 472 74
122 472 60
122 472 91
122 472 63
122 472 64
122 472 109
122 472 153
122 472 464
122 472 245
122 149 74
122 149 64
122 181 74
122 473 74
122 473 423
122 473 135
122 473 504
122 473 91
122 473 505
122 473 152
122 473 64
122 473 109
122 473 245
122 110 74
122 110 91
122 110 64
122 101 74
122 101 60
122 101 63
122 474 74
122 102 7
122 102 74
122 102 489
122 102 490
122 102 493
122 102 60
122 102 63
122 102 64
122 102 526
122 102 516
122 102 100
122 102 501
122 102 103
122 102 104
122 102 518
122 501 60
122 501 63
122 501 102
122 475 74
122 475 91
122 475 64
122 476 74
122 477 74
122 477 91
122 477 152
122 477 245
122 478 74
122 478 64
122 478 109
122 478 245
122 479 74
122 103 60
122 103 63
122 103 102
122 416 393
122 416 74
122 416 91
122 416 86
122 416 63
122 416 64
122 416 245
122 508 91
122 508 88
122 104 60
122 104 63
122 104 102
122 518 63
122 518 102
122 509 91
122 523 64
122 105 60
122 105 63
122 524 64
122 519 63
122 480 74
122 480 63
122 188 64
122 65 74
122 65 60
122 65 63
122 65 64
122 481 74
122 482 74
122 482 63
122 482 64
122 483 74
122 483 91
122 483 64
122 525 64
122 484 74
122 485 74
122 166 74
122 166 64
122 520 63
122 279 74
122 486 74
122 183 74
122 183 86
122 183 64
122 237 84
122 237 91
122 237 460
122 237 487
122 114 487
122 309 64
122 310 64
122 310 487
122 23 74
122 23 83
122 23 60
122 23 86
122 23 63
122 23 64
122 239 74
122 239 60
122 239 84
122 239 91
122 239 109
122 239 245
122 239 527
122 239 240
122 239 487
122 312 487
122 528 487
122 240 74
122 240 84
122 240 91
122 240 460
122 240 88
122 240 529
122 240 487
122 487 74
122 487 60
122 487 84
122 487 91
122 487 86
122 487 69
122 487 63
122 487 64
122 487 237
122 487 114
122 487 310
122 487 239
122 487 240
122 487 115
122 488 74
127 69 100
127 63 100
127 100 69
127 100 63
134 377 80
134 377 530
134 377 77
134 377 428
134 377 84
134 377 91
134 377 441
134 377 69
134 377 52
134 377 108
134 377 109
134 377 460
134 377 88
134 377 245
134 377 483
134 531 80
134 531 68
134 531 84
134 531 69
134 531 52
134 531 65
134 382 530
134 382 77
134 382 84
134 73 385
134 73 80
134 73 77
134 73 68
134 73 428
134 73 84
134 73 91
134 73 69
134 73 52
134 73 457
134 73 460
134 73 72
134 73 471
134 73 472
134 385 73
134 385 392
134 385 80
134 385 530
134 385 393
134 385 77
134 385 419
134 385 350
134 385 68
134 385 428
134 385 532
134 385 84
134 385 91
134 385 436
134 385 69
134 385 52
134 385 108
134 385 460
134 385 88
134 385 473
134 385 65
134 388 80
134 388 77
134 388 68
134 388 84
134 388 69
134 388 52
134 388 72
134 388 65
134 390 80
134 390 530
134 390 428
134 390 433
134 390 84
134 390 69
134 390 52
134 390 87
134 390 416
134 390 65
134 533 530
134 533 428
134 533 69
134 533 52
134 392 385
134 392 78
134 392 80
134 392 401
134 392 402
134 392 404
134 392 77
134 392 83
134 392 534
134 392 350
134 392 68
134 392 163
134 392 428
134 392 433
134 392 84
134 392 91
134 392 86
134 392 441
134 392 69
134 392 52
134 392 87
134 392 457
134 392 459
134 392 460
134 392 415
134 392 72
134 392 88
134 392 469
134 392 416
134 392 65
134 156 77
134 156 169
134 156 84
134 156 108
134 156 109
134 156 460
134 78 392
134 78 80
134 78 77
134 78 52
134 78 446
134 78 72
134 78 416
134 397 80
134 397 68
134 397 84
134 397 69
134 397 52
134 397 460
134 397 65
134 398 77
134 398 84
134 398 108
134 398 460
134 398 473
134 398 477
134 80 377
134 80 531
134 80 73
134 80 385
134 80 388
134 80 390
134 80 392
134 80 78
134 80 397
134 80 401
134 80 402
134 80 404
134 80 77
134 80 83
134 80 534
134 80 350
134 80 68
134 80 163
134 80 428
134 80 430
134 80 535
134 80 432
134 80 433
134 80 84
134 80 91
134 80 439
134 80 441
134 80 69
134 80 52
134 80 536
134 80 446
134 80 87
134 80 454
134 80 457
134 80 71
134 80 460
134 80 461
134 80 537
134 80 415
134 80 72
134 80 88
134 80 469
134 80 471
134 80 475
134 80 416
134 80 65
134 538 77
134 538 52
134 401 392
134 401 80
134 401 428
134 401 52
134 402 392
134 402 80
134 402 69
134 402 52
134 402 72
134 404 392
134 404 80
134 404 77
134 404 84
134 404 69
134 404 52
134 404 460
134 404 416
134 404 65
134 407 428
134 530 377
134 530 382
134 530 385
134 530 390
134 530 533
134 530 419
134 530 428
134 530 532
134 530 436
134 530 439
134 530 440
134 530 441
134 530 87
134 530 454
134 530 469
134 530 416
134 530 482
134 413 77
134 413 69
134 393 385
134 393 416
134 77 377
134 77 382
134 77 73
134 77 385
134 77 388
134 77 392
134 77 156
134 77 78
134 77 398
134 77 80
134 77 538
134 77 404
134 77 413
134 77 83
134 77 350
134 77 68
134 77 169
134 77 428
134 77 59
134 77 430
134 77 433
134 77 84
134 77 91
134 77 86
134 77 441
134 77 69
134 77 52
134 77 536
134 77 446
134 77 94
134 77 87
134 77 108
134 77 454
134 77 455
134 77 456
134 77 109
134 77 459
134 77 460
134 77 461
134 77 537
134 77 415
134 77 180
134 77 88
134 77 469
134 77 471
134 77 245
134 77 472
134 77 473
134 77 475
134 77 477
134 77 478
134 77 416
134 77 65
134 77 482
134 77 483
134 159 52
134 83 392
134 83 80
134 83 77
134 83 84
134 83 69
134 83 52
134 83 460
134 83 416
134 534 392
134 534 80
134 534 428
134 534 416
134 419 385
134 419 530
134 419 428
134 419 84
134 419 91
134 419 460
134 419 88
134 419 469
134 350 385
134 350 392
134 350 80
134 350 77
134 350 428
134 350 52
134 350 87
134 350 460
134 350 416
134 492 69
134 492 87
134 492 65
134 68 531
134 68 73
134 68 385
134 68 388
134 68 392
134 68 397
134 68 80
134 68 77
134 68 428
134 68 535
134 68 433
134 68 84
134 68 441
134 68 52
134 68 536
134 68 446
134 68 87
134 68 459
134 68 460
134 68 537
134 68 415
134 68 416
134 68 65
134 169 156
134 169 77
134 169 84
134 169 108
134 169 460
134 163 392
134 163 80
134 163 428
134 163 69
134 163 52
134 428 377
134 428 73
134 428 385
134 428 390
134 428 533
134 428 392
134 428 80
134 428 401
134 428 407
134 428 530
134 428 77
134 428 534
134 428 419
134 428 350
134 428 68
134 428 163
134 428 532
134 428 430
134 428 432
134 428 433
134 428 84
134 428 91
134 428 439
134 428 440
134 428 441
134 428 69
134 428 52
134 428 87
134 428 108
134 428 454
134 428 459
134 428 460
134 428 415
134 428 88
134 428 469
134 428 478
134 428 416
134 428 65
134 428 482
134 532 385
134 532 530
134 532 428
134 532 469
134 59 77
134 59 52
134 430 80
134 430 77
134 430 428
134 430 84
134 430 441
134 430 69
134 430 460
134 430 65
134 535 80
134 535 68
134 535 69
134 535 71
134 535 72
134 535 65
134 432 80
134 432 428
134 432 69
134 432 52
134 433 390
134 433 392
134 433 80
134 433 77
134 433 68
134 433 428
134 433 84
134 433 457
134 84 377
134 84 531
134 84 382
134 84 73
134 84 385
134 84 388
134 84 390
134 84 392
134 84 156
134 84 397
134 84 398
134 84 80
134 84 404
134 84 77
134 84 83
134 84 419
134 84 68
134 84 169
134 84 428
134 84 430
134 84 433
134 84 91
134 84 436
134 84 439
134 84 440
134 84 441
134 84 69
134 84 52
134 84 446
134 84 87
134 84 108
134 84 454
134 84 455
134 84 456
134 84 109
134 84 459
134 84 460
134 84 461
134 84 415
134 84 180
134 84 88
134 84 469
134 84 471
134 84 245
134 84 472
134 84 473
134 84 475
134 84 477
134 84 478
134 84 416
134 84 65
134 84 482
134 84 483
134 91 377
134 91 73
134 91 385
134 91 392
134 91 80
134 91 77
134 91 419
134 91 428
134 91 84
134 91 441
134 91 52
134 91 446
134 91 87
134 91 108
134 91 460
134 91 180
134 91 469
134 91 472
134 91 473
134 91 475
134 91 477
134 91 416
134 91 483
134 436 385
134 436 530
134 436 84
134 86 392
134 86 77
134 86 52
134 86 446
134 86 416
134 439 80
134 439 530
134 439 428
134 439 84
134 439 69
134 439 52
134 439 460
134 439 416
134 440 530
134 440 428
134 440 84
134 441 377
134 441 392
134 441 80
134 441 530
134 441 77
134 441 68
134 441 428
134 441 430
134 441 84
134 441 91
134 441 69
134 441 52
134 441 446
134 441 94
134 441 87
134 441 454
134 441 109
134 441 460
134 441 88
134 441 416
134 441 65
134 69 377
134 69 531
134 69 73
134 69 385
134 69 388
134 69 390
134 69 533
134 69 392
134 69 397
134 69 80
134 69 402
134 69 404
134 69 413
134 69 77
134 69 83
134 69 492
134 69 163
134 69 428
134 69 430
134 69 535
134 69 432
134 69 84
134 69 439
134 69 441
134 69 52
134 69 536
134 69 446
134 69 94
134 69 87
134 69 454
134 69 457
134 69 459
134 69 460
134 69 461
134 69 537
134 69 415
134 69 469
134 69 471
134 69 416
134 52 377
134 52 531
134 52 73
134 52 385
134 52 388
134 52 390
134 52 533
134 52 392
134 52 78
134 52 397
134 52 80
134 52 538
134 52 401
134 52 402
134 52 404
134 52 77
134 52 159
134 52 83
134 52 350
134 52 68
134 52 163
134 52 428
134 52 59
134 52 432
134 52 84
134 52 91
134 52 86
134 52 439
134 52 441
134 52 69
134 52 536
134 52 94
134 52 87
134 52 108
134 52 454
134 52 455
134 52 456
134 52 457
134 52 71
134 52 109
134 52 459
134 52 460
134 52 461
134 52 537
134 52 415
134 52 180
134 52 72
134 52 88
134 52 469
134 52 471
134 52 245
134 52 472
134 52 473
134 52 475
134 52 477
134 52 478
134 52 416
134 52 65
134 52 483
134 536 80
134 536 77
134 536 68
134 536 69
134 536 52
134 536 65
134 446 78
134 446 80
134 446 77
134 446 68
134 446 84
134 446 91
134 446 86
134 446 441
134 446 69
134 446 94
134 446 87
134 446 460
134 446 245
134 446 472
134 446 416
134 446 65
134 94 77
134 94 441
134 94 69
134 94 52
134 94 446
134 94 460
134 94 72
134 94 416
134 87 390
134 87 392
134 87 80
134 87 530
134 87 77
134 87 350
134 87 492
134 87 68
134 87 428
134 87 84
134 87 91
134 87 441
134 87 69
134 87 52
134 87 446
134 87 460
134 87 416
134 87 65
134 108 377
134 108 385
134 108 156
134 108 398
134 108 77
134 108 169
134 108 428
134 108 84
134 108 91
134 108 52
134 108 456
134 108 109
134 108 460
134 108 180
134 108 88
134 108 245
134 108 475
134 108 478
134 454 80
134 454 530
134 454 77
134 454 428
134 454 84
134 454 441
134 454 69
134 454 52
134 454 460
134 454 416
134 455 77
134 455 84
134 455 52
134 455 460
134 455 416
134 456 77
134 456 84
134 456 52
134 456 108
134 456 460
134 456 180
134 456 473
134 456 477
134 457 73
134 457 392
134 457 80
134 457 433
134 457 69
134 457 52
134 457 65
134 71 80
134 71 535
134 71 52
134 71 459
134 71 461
134 71 537
134 109 377
134 109 156
134 109 77
134 109 84
134 109 441
134 109 52
134 109 108
134 109 460
134 109 180
134 109 473
134 109 475
134 109 477
134 459 392
134 459 77
134 459 68
134 459 428
134 459 84
134 459 69
134 459 52
134 459 71
134 459 460
134 459 415
134 459 72
134 459 416
134 459 65
134 460 377
134 460 73
134 460 385
134 460 392
134 460 156
134 460 397
134 460 398
134 460 80
134 460 404
134 460 77
134 460 83
134 460 419
134 460 350
134 460 68
134 460 169
134 460 428
134 460 430
134 460 84
134 460 91
134 460 439
134 460 441
134 460 69
134 460 52
134 460 446
134 460 94
134 460 87
134 460 108
134 460 454
134 460 455
134 460 456
134 460 109
134 460 459
134 460 461
134 460 415
134 460 180
134 460 88
134 460 469
134 460 471
134 460 245
134 460 472
134 460 473
134 460 475
134 460 477
134 460 478
134 460 416
134 460 65
134 460 482
134 461 80
134 461 77
134 461 84
134 461 69
134 461 52
134 461 71
134 461 460
134 461 65
134 537 80
134 537 77
134 537 68
134 537 69
134 537 52
134 537 71
134 537 72
134 537 65
134 415 392
134 415 80
134 415 77
134 415 68
134 415 428
134 415 84
134 415 69
134 415 52
134 415 459
134 415 460
134 415 416
134 415 65
134 180 77
134 180 84
134 180 91
134 180 52
134 180 108
134 180 456
134 180 109
134 180 460
134 180 88
134 180 245
134 72 73
134 72 388
134 72 392
134 72 78
134 72 80
134 72 402
134 72 535
134 72 52
134 72 94
134 72 459
134 72 537
134 72 416
134 88 377
134 88 385
134 88 392
134 88 80
134 88 77
134 88 419
134 88 428
134 88 84
134 88 441
134 88 52
134 88 108
134 88 460
134 88 180
134 88 469
134 88 472
134 88 473
134 88 477
134 88 416
134 88 483
134 469 392
134 469 80
134 469 530
134 469 77
134 469 419
134 469 428
134 469 532
134 469 84
134 469 91
134 469 69
134 469 52
134 469 460
134 469 88
134 469 416
134 469 65
134 471 73
134 471 80
134 471 77
134 471 84
134 471 69
134 471 52
134 471 460
134 471 416
134 471 65
134 245 377
134 245 77
134 245 84
134 245 52
134 245 446
134 245 108
134 245 460
134 245 180
134 245 473
134 245 475
134 245 477
134 245 416
134 472 73
134 472 77
134 472 84
134 472 91
134 472 52
134 472 446
134 472 460
134 472 88
134 472 478
134 473 385
134 473 398
134 473 77
134 473 84
134 473 91
134 473 52
134 473 456
134 473 109
134 473 460
134 473 88
134 473 245
134 473 478
134 475 80
134 475 77
134 475 84
134 475 91
134 475 52
134 475 108
134 475 109
134 475 460
134 475 245
134 477 398
134 477 77
134 477 84
134 477 91
134 477 52
134 477 456
134 477 109
134 477 460
134 477 88
134 477 245
134 477 478
134 478 77
134 478 428
134 478 84
134 478 52
134 478 108
134 478 460
134 478 472
134 478 473
134 478 477
134 416 390
134 416 392
134 416 78
134 416 80
134 416 404
134 416 530
134 416 393
134 416 77
134 416 83
134 416 534
134 416 350
134 416 68
134 416 428
134 416 84
134 416 91
134 416 86
134 416 439
134 416 441
134 416 69
134 416 52
134 416 446
134 416 94
134 416 87
134 416 454
134 416 455
134 416 459
134 416 460
134 416 415
134 416 72
134 416 88
134 416 469
134 416 471
134 416 245
134 416 65
134 416 482
134 65 531
134 65 385
134 65 388
134 65 390
134 65 392
134 65 397
134 65 80
134 65 404
134 65 77
134 65 492
134 65 68
134 65 428
134 65 430
134 65 535
134 65 84
134 65 441
134 65 52
134 65 536
134 65 446
134 65 87
134 65 457
134 65 459
134 65 460
134 65 461
134 65 537
134 65 415
134 65 469
134 65 471
134 65 416
134 482 530
134 482 77
134 482 428
134 482 84
134 482 460
134 482 416
134 483 377
134 483 77
134 483 84
134 483 91
134 483 52
134 483 88
