13 129 129
10 1 2
10 1 3
10 1 4
10 5 3
10 2 1
10 2 3
10 3 5
10 3 2
10 3 6
10 6 3
10 4 1
11 7 8
11 7 9
11 8 7
11 8 10
11 11 12
11 12 11
11 12 9
16 13 14
16 13 15
16 13 16
16 13 17
16 18 19
16 20 21
16 20 22
16 20 23
16 20 24
16 20 17
16 25 26
16 25 27
16 25 17
16 7 8
16 7 12
16 28 29
16 28 30
16 31 32
16 31 33
16 8 7
16 8 21
16 8 34
16 8 35
16 8 32
16 8 12
16 8 36
16 37 21
16 37 3
16 37 24
16 37 17
16 38 29
16 38 24
16 29 28
16 29 38
16 29 19
16 29 21
16 29 39
16 29 40
16 29 17
16 41 19
16 42 43
16 44 45
16 44 17
16 1 46
16 1 2
16 1 4
16 47 45
16 47 17
16 5 14
16 19 18
16 19 29
16 19 41
16 19 48
16 19 26
16 19 49
16 19 50
16 19 51
16 19 52
16 19 53
16 19 54
16 19 55
16 19 27
16 19 17
16 56 3
16 48 42
16 48 19
16 48 43
16 48 52
16 48 53
16 48 57
16 48 3
16 48 17
16 58 32
16 30 28
16 30 21
16 30 35
16 30 36
16 59 49
16 59 17
16 43 48
16 21 20
16 21 8
16 21 37
16 21 29
16 21 30
16 21 45
16 21 34
16 21 46
16 21 26
16 21 49
16 21 60
16 21 35
16 21 32
16 21 61
16 21 62
16 21 63
16 21 55
16 21 57
16 21 23
16 21 3
16 21 6
16 21 64
16 21 24
16 21 40
16 21 17
16 21 65
16 21 4
16 45 44
16 45 47
16 45 21
16 45 66
16 45 67
16 45 26
16 45 50
16 45 52
16 45 53
16 45 63
16 45 3
16 45 17
16 66 45
16 66 17
16 68 17
16 69 70
16 71 72
16 73 62
16 73 23
16 67 45
16 67 17
16 67 74
16 34 8
16 34 21
16 34 62
16 34 23
16 34 75
16 34 17
16 46 1
16 46 21
16 46 2
16 46 63
16 46 23
16 46 6
16 46 17
16 26 25
16 26 19
16 26 21
16 26 45
16 26 60
16 26 76
16 26 52
16 26 14
16 26 23
16 26 3
16 26 24
16 77 60
16 77 14
16 77 4
16 49 19
16 49 59
16 49 21
16 49 39
16 49 78
16 49 3
16 49 40
16 49 17
16 79 80
16 79 32
16 79 55
16 50 19
16 50 45
16 50 63
16 50 17
16 81 24
16 81 17
16 81 4
16 60 21
16 60 26
16 60 77
16 60 14
16 60 4
16 82 33
16 11 32
16 11 12
16 83 17
16 76 26
16 76 14
16 76 3
16 84 17
16 85 17
16 86 24
16 86 17
16 51 19
16 51 55
16 87 88
16 87 17
16 80 55
16 52 19
16 52 48
16 52 45
16 52 26
16 52 53
16 52 63
16 52 17
16 89 24
16 35 8
16 35 30
16 35 21
16 32 31
16 32 8
16 32 58
16 32 21
16 32 79
16 32 82
16 32 11
16 32 90
16 32 55
16 32 91
16 32 70
16 32 92
16 32 17
16 22 20
16 22 21
16 22 23
16 22 24
16 22 17
16 2 1
16 2 46
16 2 3
16 2 17
16 53 19
16 53 48
16 53 45
16 53 52
16 53 27
16 53 17
16 88 87
16 88 17
16 61 21
16 61 14
16 62 21
16 62 73
16 62 34
16 62 23
16 62 17
16 93 63
16 93 17
16 72 91
16 54 19
16 90 32
16 14 13
16 14 5
16 14 26
16 14 77
16 14 60
16 14 76
16 14 61
16 14 15
16 14 16
16 14 40
16 14 17
16 39 29
16 39 49
16 94 24
16 63 21
16 63 45
16 63 46
16 63 50
16 63 52
16 63 93
16 63 3
16 63 17
16 63 74
16 15 13
16 15 14
16 95 17
16 55 19
16 55 21
16 55 79
16 55 51
16 55 32
16 55 96
16 57 48
16 57 21
16 57 17
16 96 55
16 23 20
16 23 21
16 23 73
16 23 34
16 23 46
16 23 26
16 23 22
16 23 62
16 23 24
16 23 17
16 27 25
16 27 19
16 27 53
16 78 49
16 78 40
16 3 37
16 3 56
16 3 48
16 3 21
16 3 45
16 3 26
16 3 49
16 3 76
16 3 2
16 3 63
16 3 6
16 3 24
16 3 17
16 3 4
16 6 21
16 6 46
16 6 3
16 6 17
16 33 31
16 33 32
16 97 17
16 64 21
16 64 75
16 24 20
16 24 37
16 24 38
16 24 21
16 24 26
16 24 81
16 24 86
16 24 89
16 24 22
16 24 94
16 24 23
16 24 3
16 24 17
16 24 65
16 24 4
16 12 7
16 12 8
16 12 11
16 12 92
16 91 32
16 91 70
16 70 69
16 70 71
16 70 32
16 75 34
16 75 64
16 75 17
16 92 32
16 92 12
16 36 8
16 36 30
16 16 13
16 16 14
16 16 40
16 16 17
16 40 29
16 40 21
16 40 49
16 40 14
16 40 78
16 40 16
16 40 17
16 17 13
16 17 20
16 17 25
16 17 37
16 17 29
16 17 44
16 17 47
16 17 19
16 17 48
16 17 59
16 17 21
16 17 45
16 17 66
16 17 68
16 17 67
16 17 34
16 17 46
16 17 49
16 17 50
16 17 81
16 17 83
16 17 84
16 17 85
16 17 86
16 17 87
16 17 52
16 17 32
16 17 22
16 17 2
16 17 53
16 17 88
16 17 62
16 17 93
16 17 14
16 17 63
16 17 95
16 17 57
16 17 23
16 17 3
16 17 6
16 17 97
16 17 24
16 17 75
16 17 16
16 17 40
16 17 4
16 17 74
16 65 21
16 65 24
16 4 1
16 4 21
16 4 77
16 4 81
16 4 60
16 4 3
16 4 24
16 4 17
16 74 67
16 74 63
16 74 17
18 98 99
18 98 100
18 101 102
18 103 102
18 104 105
18 104 102
18 106 102
18 105 102
18 107 99
18 99 98
18 99 102
18 99 100
18 102 101
18 102 103
18 102 104
18 102 106
18 102 105
18 102 99
18 100 98
18 100 99
21 34 62
22 8 35
22 29 49
22 108 109
22 30 35
22 110 111
22 35 112
22 35 113
22 35 114
22 111 29
22 113 30
22 114 108
22 115 116
22 116 110
22 117 113
27 118 46
27 46 118
29 119 24
29 120 119
29 24 120
31 121 122
31 122 121
41 118 123
41 123 118
44 45 26
44 45 52
44 26 45
44 52 45
52 32 58
52 32 124
52 32 125
52 125 126
52 126 32
57 8 127
57 8 128
57 127 8
57 127 128
57 129 128
57 128 8
57 128 127
57 128 129
